L 1000.0000, 0.0000, 0.0000,  1000.0000, -50.0000, 0.0000,  255, 0, 0
L -20.0000, 50.0000, 0.0000,  -50.0000, 20.0000, 0.0000,  255, 0, 0
L 50.0000, 20.0000, 0.0000,  20.0000, 50.0000, 0.0000,  255, 0, 0
L 20.0000, -50.0000, 0.0000,  50.0000, -20.0000, 0.0000,  255, 0, 0
L -50.0000, -20.0000, 0.0000,  -20.0000, -50.0000, 0.0000,  255, 0, 0
L -50.0000, 20.0000, 0.0000,  -50.0000, -20.0000, 0.0000,  255, 0, 0
L 20.0000, 50.0000, 0.0000,  -20.0000, 50.0000, 0.0000,  255, 0, 0
L 50.0000, -20.0000, 0.0000,  50.0000, 20.0000, 0.0000,  255, 0, 0
L -20.0000, -50.0000, 0.0000,  20.0000, -50.0000, 0.0000,  255, 0, 0
L 580.0000, -20.0000, 0.0000,  540.0000, -20.0000, 0.0000,  255, 0, 0
L 580.0000, -90.0000, 0.0000,  580.0000, -20.0000, 0.0000,  255, 0, 0
L 540.0000, -90.0000, 0.0000,  580.0000, -90.0000, 0.0000,  255, 0, 0
L 540.0000, -20.0000, 0.0000,  540.0000, -90.0000, 0.0000,  255, 0, 0
L 520.0000, -20.0000, 0.0000,  480.0000, -20.0000, 0.0000,  255, 0, 0
L 520.0000, -90.0000, 0.0000,  520.0000, -20.0000, 0.0000,  255, 0, 0
L 480.0000, -90.0000, 0.0000,  520.0000, -90.0000, 0.0000,  255, 0, 0
L 480.0000, -20.0000, 0.0000,  480.0000, -90.0000, 0.0000,  255, 0, 0
L 460.0000, -90.0000, 0.0000,  450.0000, -80.0000, 0.0000,  255, 0, 0
L 460.0000, -20.0000, 0.0000,  460.0000, -90.0000, 0.0000,  255, 0, 0
L 0.0000, -250.0000, 0.0000,  0.0000, 250.0000, 0.0000,  255, 0, 0
L -250.0000, 0.0000, 0.0000,  1000.0000, 0.0000, 0.0000,  255, 0, 0
L -120.0000, -80.0000, 0.0000,  -120.0000, -60.0000, 0.0000,  255, 0, 0
L -120.0000, -60.0000, 0.0000,  -120.0000, -40.0000, 0.0000,  255, 0, 0
L -100.0000, -60.0000, 0.0000,  -120.0000, -60.0000, 0.0000,  255, 0, 0
L -120.0000, -60.0000, 0.0000,  -140.0000, -60.0000, 0.0000,  255, 0, 0
L -90.0000, -50.0000, 0.0000,  -100.0000, -30.0000, 0.0000,  255, 0, 0
L -60.0000, -80.0000, 0.0000,  -60.0000, -60.0000, 0.0000,  255, 0, 0
L -60.0000, -60.0000, 0.0000,  -60.0000, -40.0000, 0.0000,  255, 0, 0
L -40.0000, -60.0000, 0.0000,  -60.0000, -60.0000, 0.0000,  255, 0, 0
L -60.0000, -60.0000, 0.0000,  -80.0000, -60.0000, 0.0000,  255, 0, 0
L 100.0000, 60.0000, 0.0000,  120.0000, 60.0000, 0.0000,  255, 0, 0
L 120.0000, 60.0000, 0.0000,  140.0000, 60.0000, 0.0000,  255, 0, 0
L 90.0000, 70.0000, 0.0000,  80.0000, 90.0000, 0.0000,  255, 0, 0
L 40.0000, 60.0000, 0.0000,  60.0000, 60.0000, 0.0000,  255, 0, 0
L 60.0000, 60.0000, 0.0000,  80.0000, 60.0000, 0.0000,  255, 0, 0
L -100.0000, 60.0000, 0.0000,  -120.0000, 60.0000, 0.0000,  255, 0, 0
L -120.0000, 60.0000, 0.0000,  -140.0000, 60.0000, 0.0000,  255, 0, 0
L -90.0000, 70.0000, 0.0000,  -100.0000, 90.0000, 0.0000,  255, 0, 0
L -60.0000, 80.0000, 0.0000,  -60.0000, 60.0000, 0.0000,  255, 0, 0
L -60.0000, 60.0000, 0.0000,  -60.0000, 40.0000, 0.0000,  255, 0, 0
L -40.0000, 60.0000, 0.0000,  -60.0000, 60.0000, 0.0000,  255, 0, 0
L -60.0000, 60.0000, 0.0000,  -80.0000, 60.0000, 0.0000,  255, 0, 0
L 100.0000, -60.0000, 0.0000,  120.0000, -60.0000, 0.0000,  255, 0, 0
L 120.0000, -60.0000, 0.0000,  140.0000, -60.0000, 0.0000,  255, 0, 0
L 90.0000, -50.0000, 0.0000,  80.0000, -30.0000, 0.0000,  255, 0, 0
L 60.0000, -80.0000, 0.0000,  60.0000, -60.0000, 0.0000,  255, 0, 0
L 60.0000, -60.0000, 0.0000,  60.0000, -40.0000, 0.0000,  255, 0, 0
L 40.0000, -60.0000, 0.0000,  60.0000, -60.0000, 0.0000,  255, 0, 0
L 60.0000, -60.0000, 0.0000,  80.0000, -60.0000, 0.0000,  255, 0, 0
L 599.0000, -90.0000, 0.0000,  637.3000, -90.0000, 0.0000,  255, 0, 0
L 599.0000, -20.0000, 0.0000,  637.3000, -20.0000, 0.0000,  255, 0, 0
L 599.0000, -90.0000, 0.0000,  599.0000, -20.0000, 0.0000,  255, 0, 0
L 637.3000, -90.0000, 0.0000,  637.3000, -20.0000, 0.0000,  255, 0, 0
L 919.0000, 1610.0000, 0.0000,  919.0000, 1670.0000, 0.0000,  0, 0, 0
L 959.0000, 1670.0000, 0.0000,  919.0000, 1670.0000, 0.0000,  0, 0, 0
L 979.0000, 1640.0000, 0.0000,  1009.0000, 1640.0000, 0.0000,  0, 0, 0
L 979.0000, 1670.0000, 0.0000,  1009.0000, 1670.0000, 0.0000,  0, 0, 0
L 979.0000, 1610.0000, 0.0000,  979.0000, 1670.0000, 0.0000,  0, 0, 0
L 1009.0000, 1610.0000, 0.0000,  979.0000, 1610.0000, 0.0000,  0, 0, 0
L 1059.0000, 1670.0000, 0.0000,  1029.0000, 1670.0000, 0.0000,  0, 0, 0
L 1029.0000, 1610.0000, 0.0000,  1059.0000, 1610.0000, 0.0000,  0, 0, 0
L 1029.0000, 1670.0000, 0.0000,  1029.0000, 1610.0000, 0.0000,  0, 0, 0
L 1059.0000, 1670.0000, 0.0000,  1059.0000, 1640.0000, 0.0000,  0, 0, 0
L 1059.0000, 1640.0000, 0.0000,  1039.0000, 1640.0000, 0.0000,  0, 0, 0
L 1079.0000, 1640.0000, 0.0000,  1109.0000, 1640.0000, 0.0000,  0, 0, 0
L 1079.0000, 1670.0000, 0.0000,  1109.0000, 1670.0000, 0.0000,  0, 0, 0
L 1079.0000, 1610.0000, 0.0000,  1079.0000, 1670.0000, 0.0000,  0, 0, 0
L 1109.0000, 1610.0000, 0.0000,  1079.0000, 1610.0000, 0.0000,  0, 0, 0
L 1159.0000, 1670.0000, 0.0000,  1159.0000, 1610.0000, 0.0000,  0, 0, 0
L 1129.0000, 1610.0000, 0.0000,  1159.0000, 1670.0000, 0.0000,  0, 0, 0
L 1129.0000, 1670.0000, 0.0000,  1129.0000, 1610.0000, 0.0000,  0, 0, 0
L 1189.0000, 1670.0000, 0.0000,  1189.0000, 1610.0000, 0.0000,  0, 0, 0
L 1199.0000, 1670.0000, 0.0000,  1179.0000, 1670.0000, 0.0000,  0, 0, 0
L 1209.0000, 1640.0000, 0.0000,  1199.0000, 1670.0000, 0.0000,  0, 0, 0
L 1199.0000, 1610.0000, 0.0000,  1209.0000, 1640.0000, 0.0000,  0, 0, 0
L 1179.0000, 1610.0000, 0.0000,  1199.0000, 1610.0000, 0.0000,  0, 0, 0
L 919.0000, 1780.0000, 0.0000,  979.0000, 1780.0000, 0.0000,  0, 0, 0
L 919.0000, 1700.0000, 0.0000,  979.0000, 1700.0000, 0.0000,  0, 0, 0
L 949.0000, 1753.0000, 0.0000,  949.0000, 1727.0000, 0.0000,  205, 133, 63
L 979.0000, 1780.0000, 0.0000,  1039.0000, 1780.0000, 0.0000,  0, 0, 0
L 979.0000, 1780.0000, 0.0000,  979.0000, 1753.0000, 0.0000,  205, 133, 63
L 949.0000, 1753.0000, 0.0000,  1009.0000, 1753.0000, 0.0000,  205, 133, 63
L 949.0000, 1727.0000, 0.0000,  979.0000, 1727.0000, 0.0000,  205, 133, 63
L 979.0000, 1727.0000, 0.0000,  1009.0000, 1727.0000, 0.0000,  205, 133, 63
L 979.0000, 1700.0000, 0.0000,  1039.0000, 1700.0000, 0.0000,  0, 0, 0
L 979.0000, 1727.0000, 0.0000,  979.0000, 1700.0000, 0.0000,  205, 133, 63
L 1009.0000, 1753.0000, 0.0000,  1009.0000, 1727.0000, 0.0000,  205, 133, 63
L 1089.0000, 1770.0000, 0.0000,  1089.0000, 1710.0000, 0.0000,  0, 0, 0
L 1099.0000, 1770.0000, 0.0000,  1079.0000, 1770.0000, 0.0000,  0, 0, 0
L 1109.0000, 1740.0000, 0.0000,  1099.0000, 1770.0000, 0.0000,  0, 0, 0
L 1099.0000, 1710.0000, 0.0000,  1109.0000, 1740.0000, 0.0000,  0, 0, 0
L 1079.0000, 1710.0000, 0.0000,  1099.0000, 1710.0000, 0.0000,  0, 0, 0
L 1129.0000, 1710.0000, 0.0000,  1159.0000, 1710.0000, 0.0000,  0, 0, 0
L 1129.0000, 1770.0000, 0.0000,  1159.0000, 1770.0000, 0.0000,  0, 0, 0
L 1129.0000, 1710.0000, 0.0000,  1129.0000, 1770.0000, 0.0000,  0, 0, 0
L 1159.0000, 1710.0000, 0.0000,  1159.0000, 1770.0000, 0.0000,  0, 0, 0
L 1179.0000, 1710.0000, 0.0000,  1209.0000, 1710.0000, 0.0000,  0, 0, 0
L 1179.0000, 1770.0000, 0.0000,  1209.0000, 1770.0000, 0.0000,  0, 0, 0
L 1179.0000, 1710.0000, 0.0000,  1179.0000, 1770.0000, 0.0000,  0, 0, 0
L 1209.0000, 1710.0000, 0.0000,  1209.0000, 1770.0000, 0.0000,  0, 0, 0
L 1229.0000, 1710.0000, 0.0000,  1229.0000, 1740.0000, 0.0000,  0, 0, 0
L 1229.0000, 1740.0000, 0.0000,  1229.0000, 1770.0000, 0.0000,  0, 0, 0
L 1229.0000, 1740.0000, 0.0000,  1249.0000, 1740.0000, 0.0000,  0, 0, 0
L 1269.0000, 1740.0000, 0.0000,  1269.0000, 1710.0000, 0.0000,  0, 0, 0
L 1229.0000, 1710.0000, 0.0000,  1269.0000, 1710.0000, 0.0000,  0, 0, 0
L 1249.0000, 1740.0000, 0.0000,  1269.0000, 1740.0000, 0.0000,  0, 0, 0
L 1269.0000, 1770.0000, 0.0000,  1249.0000, 1740.0000, 0.0000,  0, 0, 0
L 919.0000, 1820.0000, 0.0000,  919.0000, 1850.0000, 0.0000,  255, 210, 0
L 919.0000, 1820.0000, 0.0000,  939.0000, 1820.0000, 0.0000,  255, 210, 0
L 939.0000, 1880.0000, 0.0000,  919.0000, 1880.0000, 0.0000,  255, 210, 0
L 919.0000, 1850.0000, 0.0000,  919.0000, 1880.0000, 0.0000,  255, 210, 0
L 939.0000, 1850.0000, 0.0000,  919.0000, 1850.0000, 0.0000,  255, 210, 0
L 939.0000, 1850.0000, 0.0000,  959.0000, 1835.0000, 0.0000,  255, 210, 0
L 939.0000, 1820.0000, 0.0000,  959.0000, 1835.0000, 0.0000,  255, 210, 0
L 939.0000, 1850.0000, 0.0000,  959.0000, 1865.0000, 0.0000,  255, 210, 0
L 959.0000, 1865.0000, 0.0000,  939.0000, 1880.0000, 0.0000,  255, 210, 0
L 989.0000, 1850.0000, 0.0000,  1009.0000, 1850.0000, 0.0000,  255, 210, 0
L 999.0000, 1820.0000, 0.0000,  1019.0000, 1880.0000, 0.0000,  255, 210, 0
L 979.0000, 1880.0000, 0.0000,  999.0000, 1820.0000, 0.0000,  255, 210, 0
L 1069.0000, 1880.0000, 0.0000,  1069.0000, 1820.0000, 0.0000,  255, 210, 0
L 1039.0000, 1820.0000, 0.0000,  1069.0000, 1880.0000, 0.0000,  255, 210, 0
L 1039.0000, 1880.0000, 0.0000,  1039.0000, 1820.0000, 0.0000,  255, 210, 0
L 1089.0000, 1820.0000, 0.0000,  1089.0000, 1850.0000, 0.0000,  255, 210, 0
L 1089.0000, 1850.0000, 0.0000,  1089.0000, 1880.0000, 0.0000,  255, 210, 0
L 1089.0000, 1850.0000, 0.0000,  1129.0000, 1880.0000, 0.0000,  255, 210, 0
L 1089.0000, 1850.0000, 0.0000,  1129.0000, 1820.0000, 0.0000,  255, 210, 0
L 1149.0000, 1850.0000, 0.0000,  1179.0000, 1850.0000, 0.0000,  255, 210, 0
L 1149.0000, 1880.0000, 0.0000,  1179.0000, 1880.0000, 0.0000,  255, 210, 0
L 1149.0000, 1820.0000, 0.0000,  1149.0000, 1880.0000, 0.0000,  255, 210, 0
L 1179.0000, 1820.0000, 0.0000,  1149.0000, 1820.0000, 0.0000,  255, 210, 0
L 1199.0000, 1820.0000, 0.0000,  1199.0000, 1850.0000, 0.0000,  255, 210, 0
L 1199.0000, 1850.0000, 0.0000,  1199.0000, 1880.0000, 0.0000,  255, 210, 0
L 1199.0000, 1850.0000, 0.0000,  1219.0000, 1850.0000, 0.0000,  255, 210, 0
L 1239.0000, 1850.0000, 0.0000,  1239.0000, 1820.0000, 0.0000,  255, 210, 0
L 1199.0000, 1820.0000, 0.0000,  1239.0000, 1820.0000, 0.0000,  255, 210, 0
L 1219.0000, 1850.0000, 0.0000,  1239.0000, 1850.0000, 0.0000,  255, 210, 0
L 1239.0000, 1880.0000, 0.0000,  1219.0000, 1850.0000, 0.0000,  255, 210, 0
L 949.0000, 1970.0000, 0.0000,  919.0000, 1970.0000, 0.0000,  255, 255, 255
L 919.0000, 1910.0000, 0.0000,  949.0000, 1910.0000, 0.0000,  255, 255, 255
L 919.0000, 1970.0000, 0.0000,  919.0000, 1910.0000, 0.0000,  255, 255, 255
L 969.0000, 1910.0000, 0.0000,  999.0000, 1910.0000, 0.0000,  255, 255, 255
L 969.0000, 1970.0000, 0.0000,  999.0000, 1970.0000, 0.0000,  255, 255, 255
L 969.0000, 1910.0000, 0.0000,  969.0000, 1970.0000, 0.0000,  255, 255, 255
L 999.0000, 1910.0000, 0.0000,  999.0000, 1970.0000, 0.0000,  255, 255, 255
L 1059.0000, 1910.0000, 0.0000,  1059.0000, 1970.0000, 0.0000,  255, 255, 255
L 1039.0000, 1940.0000, 0.0000,  1059.0000, 1910.0000, 0.0000,  255, 255, 255
L 1019.0000, 1910.0000, 0.0000,  1039.0000, 1940.0000, 0.0000,  255, 255, 255
L 1019.0000, 1970.0000, 0.0000,  1019.0000, 1910.0000, 0.0000,  255, 255, 255
L 1119.0000, 1910.0000, 0.0000,  1119.0000, 1970.0000, 0.0000,  255, 255, 255
L 1099.0000, 1940.0000, 0.0000,  1119.0000, 1910.0000, 0.0000,  255, 255, 255
L 1079.0000, 1910.0000, 0.0000,  1099.0000, 1940.0000, 0.0000,  255, 255, 255
L 1079.0000, 1970.0000, 0.0000,  1079.0000, 1910.0000, 0.0000,  255, 255, 255
L 1139.0000, 1940.0000, 0.0000,  1169.0000, 1940.0000, 0.0000,  255, 255, 255
L 1139.0000, 1970.0000, 0.0000,  1169.0000, 1970.0000, 0.0000,  255, 255, 255
L 1139.0000, 1910.0000, 0.0000,  1139.0000, 1970.0000, 0.0000,  255, 255, 255
L 1169.0000, 1910.0000, 0.0000,  1139.0000, 1910.0000, 0.0000,  255, 255, 255
L 1219.0000, 1970.0000, 0.0000,  1219.0000, 1910.0000, 0.0000,  255, 255, 255
L 1189.0000, 1910.0000, 0.0000,  1219.0000, 1970.0000, 0.0000,  255, 255, 255
L 1189.0000, 1970.0000, 0.0000,  1189.0000, 1910.0000, 0.0000,  255, 255, 255
L 1259.0000, 1910.0000, 0.0000,  1259.0000, 1970.0000, 0.0000,  255, 255, 255
L 1239.0000, 1910.0000, 0.0000,  1279.0000, 1910.0000, 0.0000,  255, 255, 255
L 949.0000, 2060.0000, 0.0000,  919.0000, 2060.0000, 0.0000,  0, 0, 0
L 919.0000, 2000.0000, 0.0000,  949.0000, 2000.0000, 0.0000,  0, 0, 0
L 919.0000, 2060.0000, 0.0000,  919.0000, 2000.0000, 0.0000,  0, 0, 0
L 949.0000, 2060.0000, 0.0000,  949.0000, 2030.0000, 0.0000,  0, 0, 0
L 949.0000, 2030.0000, 0.0000,  929.0000, 2030.0000, 0.0000,  0, 0, 0
L 969.0000, 2030.0000, 0.0000,  999.0000, 2030.0000, 0.0000,  0, 0, 0
L 969.0000, 2060.0000, 0.0000,  999.0000, 2060.0000, 0.0000,  0, 0, 0
L 969.0000, 2000.0000, 0.0000,  969.0000, 2060.0000, 0.0000,  0, 0, 0
L 999.0000, 2000.0000, 0.0000,  969.0000, 2000.0000, 0.0000,  0, 0, 0
L 1049.0000, 2060.0000, 0.0000,  1049.0000, 2000.0000, 0.0000,  0, 0, 0
L 1019.0000, 2000.0000, 0.0000,  1049.0000, 2060.0000, 0.0000,  0, 0, 0
L 1019.0000, 2060.0000, 0.0000,  1019.0000, 2000.0000, 0.0000,  0, 0, 0
L 1069.0000, 2030.0000, 0.0000,  1099.0000, 2030.0000, 0.0000,  0, 0, 0
L 1069.0000, 2060.0000, 0.0000,  1099.0000, 2060.0000, 0.0000,  0, 0, 0
L 1069.0000, 2000.0000, 0.0000,  1069.0000, 2060.0000, 0.0000,  0, 0, 0
L 1099.0000, 2000.0000, 0.0000,  1069.0000, 2000.0000, 0.0000,  0, 0, 0
L 1119.0000, 2000.0000, 0.0000,  1119.0000, 2030.0000, 0.0000,  0, 0, 0
L 1119.0000, 2030.0000, 0.0000,  1119.0000, 2060.0000, 0.0000,  0, 0, 0
L 1119.0000, 2030.0000, 0.0000,  1139.0000, 2030.0000, 0.0000,  0, 0, 0
L 1159.0000, 2030.0000, 0.0000,  1159.0000, 2000.0000, 0.0000,  0, 0, 0
L 1119.0000, 2000.0000, 0.0000,  1159.0000, 2000.0000, 0.0000,  0, 0, 0
L 1139.0000, 2030.0000, 0.0000,  1159.0000, 2030.0000, 0.0000,  0, 0, 0
L 1159.0000, 2060.0000, 0.0000,  1139.0000, 2030.0000, 0.0000,  0, 0, 0
L 1189.0000, 2030.0000, 0.0000,  1209.0000, 2030.0000, 0.0000,  0, 0, 0
L 1199.0000, 2000.0000, 0.0000,  1219.0000, 2060.0000, 0.0000,  0, 0, 0
L 1179.0000, 2060.0000, 0.0000,  1199.0000, 2000.0000, 0.0000,  0, 0, 0
L 1239.0000, 2000.0000, 0.0000,  1239.0000, 2060.0000, 0.0000,  0, 0, 0
L 1279.0000, 2060.0000, 0.0000,  1239.0000, 2060.0000, 0.0000,  0, 0, 0
L 949.0000, 2150.0000, 0.0000,  919.0000, 2150.0000, 0.0000,  0, 0, 255
L 919.0000, 2090.0000, 0.0000,  949.0000, 2090.0000, 0.0000,  0, 0, 255
L 919.0000, 2150.0000, 0.0000,  919.0000, 2090.0000, 0.0000,  0, 0, 255
L 949.0000, 2150.0000, 0.0000,  949.0000, 2120.0000, 0.0000,  0, 0, 255
L 949.0000, 2120.0000, 0.0000,  929.0000, 2120.0000, 0.0000,  0, 0, 255
L 969.0000, 2090.0000, 0.0000,  969.0000, 2120.0000, 0.0000,  0, 0, 255
L 969.0000, 2120.0000, 0.0000,  969.0000, 2150.0000, 0.0000,  0, 0, 255
L 969.0000, 2120.0000, 0.0000,  989.0000, 2120.0000, 0.0000,  0, 0, 255
L 1009.0000, 2120.0000, 0.0000,  1009.0000, 2090.0000, 0.0000,  0, 0, 255
L 969.0000, 2090.0000, 0.0000,  1009.0000, 2090.0000, 0.0000,  0, 0, 255
L 989.0000, 2120.0000, 0.0000,  1009.0000, 2120.0000, 0.0000,  0, 0, 255
L 1009.0000, 2150.0000, 0.0000,  989.0000, 2120.0000, 0.0000,  0, 0, 255
L 1029.0000, 2090.0000, 0.0000,  1059.0000, 2090.0000, 0.0000,  0, 0, 255
L 1029.0000, 2150.0000, 0.0000,  1059.0000, 2150.0000, 0.0000,  0, 0, 255
L 1029.0000, 2090.0000, 0.0000,  1029.0000, 2150.0000, 0.0000,  0, 0, 255
L 1059.0000, 2090.0000, 0.0000,  1059.0000, 2150.0000, 0.0000,  0, 0, 255
L 1119.0000, 2090.0000, 0.0000,  1119.0000, 2150.0000, 0.0000,  0, 0, 255
L 1079.0000, 2090.0000, 0.0000,  1079.0000, 2150.0000, 0.0000,  0, 0, 255
L 1079.0000, 2150.0000, 0.0000,  1119.0000, 2150.0000, 0.0000,  0, 0, 255
L 1169.0000, 2150.0000, 0.0000,  1169.0000, 2090.0000, 0.0000,  0, 0, 255
L 1139.0000, 2090.0000, 0.0000,  1169.0000, 2150.0000, 0.0000,  0, 0, 255
L 1139.0000, 2150.0000, 0.0000,  1139.0000, 2090.0000, 0.0000,  0, 0, 255
L 1199.0000, 2150.0000, 0.0000,  1199.0000, 2090.0000, 0.0000,  0, 0, 255
L 1209.0000, 2150.0000, 0.0000,  1189.0000, 2150.0000, 0.0000,  0, 0, 255
L 1219.0000, 2120.0000, 0.0000,  1209.0000, 2150.0000, 0.0000,  0, 0, 255
L 1209.0000, 2090.0000, 0.0000,  1219.0000, 2120.0000, 0.0000,  0, 0, 255
L 1189.0000, 2090.0000, 0.0000,  1209.0000, 2090.0000, 0.0000,  0, 0, 255
L 1299.0000, 2090.0000, 0.0000,  1299.0000, 2120.0000, 0.0000,  0, 0, 255
L 1299.0000, 2150.0000, 0.0000,  1339.0000, 2150.0000, 0.0000,  0, 0, 255
L 1339.0000, 2120.0000, 0.0000,  1299.0000, 2120.0000, 0.0000,  0, 0, 255
L 1299.0000, 2090.0000, 0.0000,  1339.0000, 2090.0000, 0.0000,  0, 0, 255
L 1339.0000, 2120.0000, 0.0000,  1339.0000, 2150.0000, 0.0000,  0, 0, 255
L 1389.0000, 2120.0000, 0.0000,  1359.0000, 2120.0000, 0.0000,  0, 0, 255
L 1389.0000, 2090.0000, 0.0000,  1389.0000, 2120.0000, 0.0000,  0, 0, 255
L 1359.0000, 2090.0000, 0.0000,  1389.0000, 2090.0000, 0.0000,  0, 0, 255
L 1359.0000, 2150.0000, 0.0000,  1359.0000, 2090.0000, 0.0000,  0, 0, 255
L 1419.0000, 2120.0000, 0.0000,  1439.0000, 2120.0000, 0.0000,  0, 0, 255
L 1429.0000, 2090.0000, 0.0000,  1449.0000, 2150.0000, 0.0000,  0, 0, 255
L 1409.0000, 2150.0000, 0.0000,  1429.0000, 2090.0000, 0.0000,  0, 0, 255
L 1499.0000, 2150.0000, 0.0000,  1509.0000, 2090.0000, 0.0000,  0, 0, 255
L 1489.0000, 2120.0000, 0.0000,  1499.0000, 2150.0000, 0.0000,  0, 0, 255
L 1479.0000, 2150.0000, 0.0000,  1489.0000, 2120.0000, 0.0000,  0, 0, 255
L 1469.0000, 2090.0000, 0.0000,  1479.0000, 2150.0000, 0.0000,  0, 0, 255
L 1559.0000, 2150.0000, 0.0000,  1559.0000, 2090.0000, 0.0000,  0, 0, 255
L 1529.0000, 2090.0000, 0.0000,  1559.0000, 2150.0000, 0.0000,  0, 0, 255
L 1529.0000, 2150.0000, 0.0000,  1529.0000, 2090.0000, 0.0000,  0, 0, 255
L 949.0000, 2240.0000, 0.0000,  919.0000, 2240.0000, 0.0000,  128, 128, 128
L 919.0000, 2180.0000, 0.0000,  949.0000, 2180.0000, 0.0000,  128, 128, 128
L 919.0000, 2240.0000, 0.0000,  919.0000, 2180.0000, 0.0000,  128, 128, 128
L 949.0000, 2240.0000, 0.0000,  949.0000, 2210.0000, 0.0000,  128, 128, 128
L 949.0000, 2210.0000, 0.0000,  929.0000, 2210.0000, 0.0000,  128, 128, 128
L 1009.0000, 2180.0000, 0.0000,  1009.0000, 2240.0000, 0.0000,  128, 128, 128
L 969.0000, 2180.0000, 0.0000,  969.0000, 2240.0000, 0.0000,  128, 128, 128
L 969.0000, 2240.0000, 0.0000,  1009.0000, 2240.0000, 0.0000,  128, 128, 128
L 1029.0000, 2180.0000, 0.0000,  1029.0000, 2240.0000, 0.0000,  128, 128, 128
L 1049.0000, 2180.0000, 0.0000,  1049.0000, 2240.0000, 0.0000,  128, 128, 128
L 1089.0000, 2240.0000, 0.0000,  1049.0000, 2240.0000, 0.0000,  128, 128, 128
L 1119.0000, 2240.0000, 0.0000,  1119.0000, 2180.0000, 0.0000,  128, 128, 128
L 1129.0000, 2240.0000, 0.0000,  1109.0000, 2240.0000, 0.0000,  128, 128, 128
L 1139.0000, 2210.0000, 0.0000,  1129.0000, 2240.0000, 0.0000,  128, 128, 128
L 1129.0000, 2180.0000, 0.0000,  1139.0000, 2210.0000, 0.0000,  128, 128, 128
L 1109.0000, 2180.0000, 0.0000,  1129.0000, 2180.0000, 0.0000,  128, 128, 128
L 1259.0000, 2180.0000, 0.0000,  1259.0000, 2240.0000, 0.0000,  128, 128, 128
L 1239.0000, 2210.0000, 0.0000,  1259.0000, 2180.0000, 0.0000,  128, 128, 128
L 1219.0000, 2180.0000, 0.0000,  1239.0000, 2210.0000, 0.0000,  128, 128, 128
L 1219.0000, 2240.0000, 0.0000,  1219.0000, 2180.0000, 0.0000,  128, 128, 128
L 1289.0000, 2210.0000, 0.0000,  1309.0000, 2210.0000, 0.0000,  128, 128, 128
L 1299.0000, 2180.0000, 0.0000,  1319.0000, 2240.0000, 0.0000,  128, 128, 128
L 1279.0000, 2240.0000, 0.0000,  1299.0000, 2180.0000, 0.0000,  128, 128, 128
L 1339.0000, 2180.0000, 0.0000,  1339.0000, 2210.0000, 0.0000,  128, 128, 128
L 1339.0000, 2240.0000, 0.0000,  1379.0000, 2240.0000, 0.0000,  128, 128, 128
L 1379.0000, 2210.0000, 0.0000,  1339.0000, 2210.0000, 0.0000,  128, 128, 128
L 1339.0000, 2180.0000, 0.0000,  1379.0000, 2180.0000, 0.0000,  128, 128, 128
L 1379.0000, 2210.0000, 0.0000,  1379.0000, 2240.0000, 0.0000,  128, 128, 128
L 1419.0000, 2180.0000, 0.0000,  1419.0000, 2240.0000, 0.0000,  128, 128, 128
L 1399.0000, 2180.0000, 0.0000,  1439.0000, 2180.0000, 0.0000,  128, 128, 128
L 1459.0000, 2210.0000, 0.0000,  1489.0000, 2210.0000, 0.0000,  128, 128, 128
L 1459.0000, 2240.0000, 0.0000,  1489.0000, 2240.0000, 0.0000,  128, 128, 128
L 1459.0000, 2180.0000, 0.0000,  1459.0000, 2240.0000, 0.0000,  128, 128, 128
L 1489.0000, 2180.0000, 0.0000,  1459.0000, 2180.0000, 0.0000,  128, 128, 128
L 1509.0000, 2180.0000, 0.0000,  1509.0000, 2210.0000, 0.0000,  128, 128, 128
L 1509.0000, 2210.0000, 0.0000,  1509.0000, 2240.0000, 0.0000,  128, 128, 128
L 1509.0000, 2210.0000, 0.0000,  1529.0000, 2210.0000, 0.0000,  128, 128, 128
L 1549.0000, 2210.0000, 0.0000,  1549.0000, 2180.0000, 0.0000,  128, 128, 128
L 1509.0000, 2180.0000, 0.0000,  1549.0000, 2180.0000, 0.0000,  128, 128, 128
L 1529.0000, 2210.0000, 0.0000,  1549.0000, 2210.0000, 0.0000,  128, 128, 128
L 1549.0000, 2240.0000, 0.0000,  1529.0000, 2210.0000, 0.0000,  128, 128, 128
L 919.0000, 2270.0000, 0.0000,  919.0000, 2300.0000, 0.0000,  127, 64, 0
L 959.0000, 2330.0000, 0.0000,  959.0000, 2300.0000, 0.0000,  127, 64, 0
L 919.0000, 2300.0000, 0.0000,  919.0000, 2330.0000, 0.0000,  127, 64, 0
L 959.0000, 2300.0000, 0.0000,  959.0000, 2270.0000, 0.0000,  127, 64, 0
L 919.0000, 2300.0000, 0.0000,  959.0000, 2300.0000, 0.0000,  127, 64, 0
L 1019.0000, 2270.0000, 0.0000,  1019.0000, 2330.0000, 0.0000,  127, 64, 0
L 979.0000, 2270.0000, 0.0000,  979.0000, 2330.0000, 0.0000,  127, 64, 0
L 979.0000, 2330.0000, 0.0000,  1019.0000, 2330.0000, 0.0000,  127, 64, 0
L 1069.0000, 2330.0000, 0.0000,  1069.0000, 2270.0000, 0.0000,  127, 64, 0
L 1039.0000, 2270.0000, 0.0000,  1069.0000, 2330.0000, 0.0000,  127, 64, 0
L 1039.0000, 2330.0000, 0.0000,  1039.0000, 2270.0000, 0.0000,  127, 64, 0
L 1109.0000, 2270.0000, 0.0000,  1109.0000, 2330.0000, 0.0000,  127, 64, 0
L 1089.0000, 2270.0000, 0.0000,  1129.0000, 2270.0000, 0.0000,  127, 64, 0
L 1149.0000, 2300.0000, 0.0000,  1179.0000, 2300.0000, 0.0000,  127, 64, 0
L 1149.0000, 2330.0000, 0.0000,  1179.0000, 2330.0000, 0.0000,  127, 64, 0
L 1149.0000, 2270.0000, 0.0000,  1149.0000, 2330.0000, 0.0000,  127, 64, 0
L 1179.0000, 2270.0000, 0.0000,  1149.0000, 2270.0000, 0.0000,  127, 64, 0
L 1199.0000, 2270.0000, 0.0000,  1199.0000, 2300.0000, 0.0000,  127, 64, 0
L 1199.0000, 2300.0000, 0.0000,  1199.0000, 2330.0000, 0.0000,  127, 64, 0
L 1199.0000, 2300.0000, 0.0000,  1219.0000, 2300.0000, 0.0000,  127, 64, 0
L 1239.0000, 2300.0000, 0.0000,  1239.0000, 2270.0000, 0.0000,  127, 64, 0
L 1199.0000, 2270.0000, 0.0000,  1239.0000, 2270.0000, 0.0000,  127, 64, 0
L 1219.0000, 2300.0000, 0.0000,  1239.0000, 2300.0000, 0.0000,  127, 64, 0
L 1239.0000, 2330.0000, 0.0000,  1219.0000, 2300.0000, 0.0000,  127, 64, 0
L 959.0000, 2360.0000, 0.0000,  959.0000, 2420.0000, 0.0000,  0, 127, 0
L 939.0000, 2390.0000, 0.0000,  959.0000, 2360.0000, 0.0000,  0, 127, 0
L 919.0000, 2360.0000, 0.0000,  939.0000, 2390.0000, 0.0000,  0, 127, 0
L 919.0000, 2420.0000, 0.0000,  919.0000, 2360.0000, 0.0000,  0, 127, 0
L 979.0000, 2390.0000, 0.0000,  1009.0000, 2390.0000, 0.0000,  0, 127, 0
L 979.0000, 2420.0000, 0.0000,  1009.0000, 2420.0000, 0.0000,  0, 127, 0
L 979.0000, 2360.0000, 0.0000,  979.0000, 2420.0000, 0.0000,  0, 127, 0
L 1009.0000, 2360.0000, 0.0000,  979.0000, 2360.0000, 0.0000,  0, 127, 0
L 1029.0000, 2360.0000, 0.0000,  1029.0000, 2390.0000, 0.0000,  0, 127, 0
L 1029.0000, 2390.0000, 0.0000,  1029.0000, 2420.0000, 0.0000,  0, 127, 0
L 1029.0000, 2390.0000, 0.0000,  1049.0000, 2390.0000, 0.0000,  0, 127, 0
L 1069.0000, 2390.0000, 0.0000,  1069.0000, 2360.0000, 0.0000,  0, 127, 0
L 1029.0000, 2360.0000, 0.0000,  1069.0000, 2360.0000, 0.0000,  0, 127, 0
L 1049.0000, 2390.0000, 0.0000,  1069.0000, 2390.0000, 0.0000,  0, 127, 0
L 1069.0000, 2420.0000, 0.0000,  1049.0000, 2390.0000, 0.0000,  0, 127, 0
L 1119.0000, 2420.0000, 0.0000,  1089.0000, 2420.0000, 0.0000,  0, 127, 0
L 1089.0000, 2360.0000, 0.0000,  1119.0000, 2360.0000, 0.0000,  0, 127, 0
L 1089.0000, 2420.0000, 0.0000,  1089.0000, 2360.0000, 0.0000,  0, 127, 0
L 1139.0000, 2360.0000, 0.0000,  1139.0000, 2390.0000, 0.0000,  0, 127, 0
L 1179.0000, 2420.0000, 0.0000,  1179.0000, 2390.0000, 0.0000,  0, 127, 0
L 1139.0000, 2390.0000, 0.0000,  1139.0000, 2420.0000, 0.0000,  0, 127, 0
L 1179.0000, 2390.0000, 0.0000,  1179.0000, 2360.0000, 0.0000,  0, 127, 0
L 1139.0000, 2390.0000, 0.0000,  1179.0000, 2390.0000, 0.0000,  0, 127, 0
L 1209.0000, 2390.0000, 0.0000,  1229.0000, 2390.0000, 0.0000,  0, 127, 0
L 1219.0000, 2360.0000, 0.0000,  1239.0000, 2420.0000, 0.0000,  0, 127, 0
L 1199.0000, 2420.0000, 0.0000,  1219.0000, 2360.0000, 0.0000,  0, 127, 0
L 1289.0000, 2420.0000, 0.0000,  1289.0000, 2360.0000, 0.0000,  0, 127, 0
L 1259.0000, 2360.0000, 0.0000,  1289.0000, 2420.0000, 0.0000,  0, 127, 0
L 1259.0000, 2420.0000, 0.0000,  1259.0000, 2360.0000, 0.0000,  0, 127, 0
L 1329.0000, 2360.0000, 0.0000,  1329.0000, 2420.0000, 0.0000,  0, 127, 0
L 1309.0000, 2360.0000, 0.0000,  1349.0000, 2360.0000, 0.0000,  0, 127, 0
L 959.0000, 2450.0000, 0.0000,  959.0000, 2510.0000, 0.0000,  0, 127, 127
L 939.0000, 2480.0000, 0.0000,  959.0000, 2450.0000, 0.0000,  0, 127, 127
L 919.0000, 2450.0000, 0.0000,  939.0000, 2480.0000, 0.0000,  0, 127, 127
L 919.0000, 2510.0000, 0.0000,  919.0000, 2450.0000, 0.0000,  0, 127, 127
L 979.0000, 2450.0000, 0.0000,  979.0000, 2510.0000, 0.0000,  0, 127, 127
L 999.0000, 2450.0000, 0.0000,  999.0000, 2480.0000, 0.0000,  0, 127, 127
L 999.0000, 2510.0000, 0.0000,  1039.0000, 2510.0000, 0.0000,  0, 127, 127
L 1039.0000, 2480.0000, 0.0000,  999.0000, 2480.0000, 0.0000,  0, 127, 127
L 999.0000, 2450.0000, 0.0000,  1039.0000, 2450.0000, 0.0000,  0, 127, 127
L 1039.0000, 2480.0000, 0.0000,  1039.0000, 2510.0000, 0.0000,  0, 127, 127
L 1059.0000, 2450.0000, 0.0000,  1059.0000, 2480.0000, 0.0000,  0, 127, 127
L 1059.0000, 2510.0000, 0.0000,  1099.0000, 2510.0000, 0.0000,  0, 127, 127
L 1099.0000, 2480.0000, 0.0000,  1059.0000, 2480.0000, 0.0000,  0, 127, 127
L 1059.0000, 2450.0000, 0.0000,  1099.0000, 2450.0000, 0.0000,  0, 127, 127
L 1099.0000, 2480.0000, 0.0000,  1099.0000, 2510.0000, 0.0000,  0, 127, 127
L 1119.0000, 2450.0000, 0.0000,  1119.0000, 2510.0000, 0.0000,  0, 127, 127
L 1139.0000, 2450.0000, 0.0000,  1169.0000, 2450.0000, 0.0000,  0, 127, 127
L 1139.0000, 2510.0000, 0.0000,  1169.0000, 2510.0000, 0.0000,  0, 127, 127
L 1139.0000, 2450.0000, 0.0000,  1139.0000, 2510.0000, 0.0000,  0, 127, 127
L 1169.0000, 2450.0000, 0.0000,  1169.0000, 2510.0000, 0.0000,  0, 127, 127
L 1219.0000, 2510.0000, 0.0000,  1219.0000, 2450.0000, 0.0000,  0, 127, 127
L 1189.0000, 2450.0000, 0.0000,  1219.0000, 2510.0000, 0.0000,  0, 127, 127
L 1189.0000, 2510.0000, 0.0000,  1189.0000, 2450.0000, 0.0000,  0, 127, 127
L 949.0000, 2600.0000, 0.0000,  949.0000, 2540.0000, 0.0000,  127, 64, 0
L 919.0000, 2540.0000, 0.0000,  949.0000, 2600.0000, 0.0000,  127, 64, 0
L 919.0000, 2600.0000, 0.0000,  919.0000, 2540.0000, 0.0000,  127, 64, 0
L 979.0000, 2570.0000, 0.0000,  999.0000, 2570.0000, 0.0000,  127, 64, 0
L 989.0000, 2540.0000, 0.0000,  1009.0000, 2600.0000, 0.0000,  127, 64, 0
L 969.0000, 2600.0000, 0.0000,  989.0000, 2540.0000, 0.0000,  127, 64, 0
L 1069.0000, 2540.0000, 0.0000,  1069.0000, 2600.0000, 0.0000,  127, 64, 0
L 1049.0000, 2570.0000, 0.0000,  1069.0000, 2540.0000, 0.0000,  127, 64, 0
L 1029.0000, 2540.0000, 0.0000,  1049.0000, 2570.0000, 0.0000,  127, 64, 0
L 1029.0000, 2600.0000, 0.0000,  1029.0000, 2540.0000, 0.0000,  127, 64, 0
L 1089.0000, 2570.0000, 0.0000,  1119.0000, 2570.0000, 0.0000,  127, 64, 0
L 1089.0000, 2600.0000, 0.0000,  1119.0000, 2600.0000, 0.0000,  127, 64, 0
L 1089.0000, 2540.0000, 0.0000,  1089.0000, 2600.0000, 0.0000,  127, 64, 0
L 1119.0000, 2540.0000, 0.0000,  1089.0000, 2540.0000, 0.0000,  127, 64, 0
L 1149.0000, 2600.0000, 0.0000,  1149.0000, 2540.0000, 0.0000,  127, 64, 0
L 1159.0000, 2600.0000, 0.0000,  1139.0000, 2600.0000, 0.0000,  127, 64, 0
L 1169.0000, 2570.0000, 0.0000,  1159.0000, 2600.0000, 0.0000,  127, 64, 0
L 1159.0000, 2540.0000, 0.0000,  1169.0000, 2570.0000, 0.0000,  127, 64, 0
L 1139.0000, 2540.0000, 0.0000,  1159.0000, 2540.0000, 0.0000,  127, 64, 0
L 949.0000, 2660.0000, 0.0000,  919.0000, 2660.0000, 0.0000,  0, 255, 0
L 949.0000, 2630.0000, 0.0000,  949.0000, 2660.0000, 0.0000,  0, 255, 0
L 919.0000, 2630.0000, 0.0000,  949.0000, 2630.0000, 0.0000,  0, 255, 0
L 919.0000, 2690.0000, 0.0000,  919.0000, 2630.0000, 0.0000,  0, 255, 0
L 979.0000, 2660.0000, 0.0000,  999.0000, 2660.0000, 0.0000,  0, 255, 0
L 989.0000, 2630.0000, 0.0000,  1009.0000, 2690.0000, 0.0000,  0, 255, 0
L 969.0000, 2690.0000, 0.0000,  989.0000, 2630.0000, 0.0000,  0, 255, 0
L 1029.0000, 2630.0000, 0.0000,  1029.0000, 2660.0000, 0.0000,  0, 255, 0
L 1029.0000, 2660.0000, 0.0000,  1029.0000, 2690.0000, 0.0000,  0, 255, 0
L 1029.0000, 2660.0000, 0.0000,  1049.0000, 2660.0000, 0.0000,  0, 255, 0
L 1069.0000, 2660.0000, 0.0000,  1069.0000, 2630.0000, 0.0000,  0, 255, 0
L 1029.0000, 2630.0000, 0.0000,  1069.0000, 2630.0000, 0.0000,  0, 255, 0
L 1049.0000, 2660.0000, 0.0000,  1069.0000, 2660.0000, 0.0000,  0, 255, 0
L 1069.0000, 2690.0000, 0.0000,  1049.0000, 2660.0000, 0.0000,  0, 255, 0
L 1119.0000, 2690.0000, 0.0000,  1089.0000, 2690.0000, 0.0000,  0, 255, 0
L 1089.0000, 2630.0000, 0.0000,  1119.0000, 2630.0000, 0.0000,  0, 255, 0
L 1089.0000, 2690.0000, 0.0000,  1089.0000, 2630.0000, 0.0000,  0, 255, 0
L 1139.0000, 2660.0000, 0.0000,  1169.0000, 2660.0000, 0.0000,  0, 255, 0
L 1139.0000, 2690.0000, 0.0000,  1169.0000, 2690.0000, 0.0000,  0, 255, 0
L 1139.0000, 2630.0000, 0.0000,  1139.0000, 2690.0000, 0.0000,  0, 255, 0
L 1169.0000, 2630.0000, 0.0000,  1139.0000, 2630.0000, 0.0000,  0, 255, 0
L 1189.0000, 2630.0000, 0.0000,  1189.0000, 2690.0000, 0.0000,  0, 255, 0
L 1229.0000, 2690.0000, 0.0000,  1189.0000, 2690.0000, 0.0000,  0, 255, 0
L 1249.0000, 2630.0000, 0.0000,  1249.0000, 2660.0000, 0.0000,  0, 255, 0
L 1249.0000, 2690.0000, 0.0000,  1289.0000, 2690.0000, 0.0000,  0, 255, 0
L 1289.0000, 2660.0000, 0.0000,  1249.0000, 2660.0000, 0.0000,  0, 255, 0
L 1249.0000, 2630.0000, 0.0000,  1289.0000, 2630.0000, 0.0000,  0, 255, 0
L 1289.0000, 2660.0000, 0.0000,  1289.0000, 2690.0000, 0.0000,  0, 255, 0
L 919.0000, 2720.0000, 0.0000,  919.0000, 2750.0000, 0.0000,  0, 240, 240
L 919.0000, 2750.0000, 0.0000,  919.0000, 2780.0000, 0.0000,  0, 240, 240
L 919.0000, 2750.0000, 0.0000,  939.0000, 2750.0000, 0.0000,  0, 240, 240
L 959.0000, 2750.0000, 0.0000,  959.0000, 2720.0000, 0.0000,  0, 240, 240
L 919.0000, 2720.0000, 0.0000,  959.0000, 2720.0000, 0.0000,  0, 240, 240
L 939.0000, 2750.0000, 0.0000,  959.0000, 2750.0000, 0.0000,  0, 240, 240
L 959.0000, 2780.0000, 0.0000,  939.0000, 2750.0000, 0.0000,  0, 240, 240
L 989.0000, 2750.0000, 0.0000,  1009.0000, 2750.0000, 0.0000,  0, 240, 240
L 999.0000, 2720.0000, 0.0000,  1019.0000, 2780.0000, 0.0000,  0, 240, 240
L 979.0000, 2780.0000, 0.0000,  999.0000, 2720.0000, 0.0000,  0, 240, 240
L 1039.0000, 2720.0000, 0.0000,  1039.0000, 2780.0000, 0.0000,  0, 240, 240
L 1069.0000, 2780.0000, 0.0000,  1069.0000, 2720.0000, 0.0000,  0, 240, 240
L 1079.0000, 2780.0000, 0.0000,  1059.0000, 2780.0000, 0.0000,  0, 240, 240
L 1089.0000, 2750.0000, 0.0000,  1079.0000, 2780.0000, 0.0000,  0, 240, 240
L 1079.0000, 2720.0000, 0.0000,  1089.0000, 2750.0000, 0.0000,  0, 240, 240
L 1059.0000, 2720.0000, 0.0000,  1079.0000, 2720.0000, 0.0000,  0, 240, 240
L 919.0000, 2810.0000, 0.0000,  919.0000, 2840.0000, 0.0000,  0, 255, 0
L 919.0000, 2870.0000, 0.0000,  959.0000, 2870.0000, 0.0000,  0, 255, 0
L 959.0000, 2840.0000, 0.0000,  919.0000, 2840.0000, 0.0000,  0, 255, 0
L 919.0000, 2810.0000, 0.0000,  959.0000, 2810.0000, 0.0000,  0, 255, 0
L 959.0000, 2840.0000, 0.0000,  959.0000, 2870.0000, 0.0000,  0, 255, 0
L 1009.0000, 2840.0000, 0.0000,  979.0000, 2840.0000, 0.0000,  0, 255, 0
L 1009.0000, 2810.0000, 0.0000,  1009.0000, 2840.0000, 0.0000,  0, 255, 0
L 979.0000, 2810.0000, 0.0000,  1009.0000, 2810.0000, 0.0000,  0, 255, 0
L 979.0000, 2870.0000, 0.0000,  979.0000, 2810.0000, 0.0000,  0, 255, 0
L 1029.0000, 2840.0000, 0.0000,  1059.0000, 2840.0000, 0.0000,  0, 255, 0
L 1029.0000, 2870.0000, 0.0000,  1059.0000, 2870.0000, 0.0000,  0, 255, 0
L 1029.0000, 2810.0000, 0.0000,  1029.0000, 2870.0000, 0.0000,  0, 255, 0
L 1059.0000, 2810.0000, 0.0000,  1029.0000, 2810.0000, 0.0000,  0, 255, 0
L 1109.0000, 2870.0000, 0.0000,  1079.0000, 2870.0000, 0.0000,  0, 255, 0
L 1079.0000, 2810.0000, 0.0000,  1109.0000, 2810.0000, 0.0000,  0, 255, 0
L 1079.0000, 2870.0000, 0.0000,  1079.0000, 2810.0000, 0.0000,  0, 255, 0
L 1129.0000, 2810.0000, 0.0000,  1129.0000, 2870.0000, 0.0000,  0, 255, 0
L 1159.0000, 2840.0000, 0.0000,  1179.0000, 2840.0000, 0.0000,  0, 255, 0
L 1169.0000, 2810.0000, 0.0000,  1189.0000, 2870.0000, 0.0000,  0, 255, 0
L 1149.0000, 2870.0000, 0.0000,  1169.0000, 2810.0000, 0.0000,  0, 255, 0
L 1209.0000, 2810.0000, 0.0000,  1209.0000, 2870.0000, 0.0000,  0, 255, 0
L 1249.0000, 2870.0000, 0.0000,  1209.0000, 2870.0000, 0.0000,  0, 255, 0
L 1359.0000, 2870.0000, 0.0000,  1329.0000, 2870.0000, 0.0000,  0, 255, 0
L 1329.0000, 2810.0000, 0.0000,  1359.0000, 2810.0000, 0.0000,  0, 255, 0
L 1329.0000, 2870.0000, 0.0000,  1329.0000, 2810.0000, 0.0000,  0, 255, 0
L 1419.0000, 2810.0000, 0.0000,  1419.0000, 2870.0000, 0.0000,  0, 255, 0
L 1379.0000, 2810.0000, 0.0000,  1379.0000, 2870.0000, 0.0000,  0, 255, 0
L 1379.0000, 2870.0000, 0.0000,  1419.0000, 2870.0000, 0.0000,  0, 255, 0
L 1439.0000, 2810.0000, 0.0000,  1439.0000, 2840.0000, 0.0000,  0, 255, 0
L 1439.0000, 2840.0000, 0.0000,  1439.0000, 2870.0000, 0.0000,  0, 255, 0
L 1439.0000, 2840.0000, 0.0000,  1459.0000, 2840.0000, 0.0000,  0, 255, 0
L 1479.0000, 2840.0000, 0.0000,  1479.0000, 2810.0000, 0.0000,  0, 255, 0
L 1439.0000, 2810.0000, 0.0000,  1479.0000, 2810.0000, 0.0000,  0, 255, 0
L 1459.0000, 2840.0000, 0.0000,  1479.0000, 2840.0000, 0.0000,  0, 255, 0
L 1479.0000, 2870.0000, 0.0000,  1459.0000, 2840.0000, 0.0000,  0, 255, 0
L 1499.0000, 2810.0000, 0.0000,  1499.0000, 2840.0000, 0.0000,  0, 255, 0
L 1499.0000, 2840.0000, 0.0000,  1499.0000, 2870.0000, 0.0000,  0, 255, 0
L 1499.0000, 2840.0000, 0.0000,  1519.0000, 2840.0000, 0.0000,  0, 255, 0
L 1539.0000, 2840.0000, 0.0000,  1539.0000, 2810.0000, 0.0000,  0, 255, 0
L 1499.0000, 2810.0000, 0.0000,  1539.0000, 2810.0000, 0.0000,  0, 255, 0
L 1519.0000, 2840.0000, 0.0000,  1539.0000, 2840.0000, 0.0000,  0, 255, 0
L 1539.0000, 2870.0000, 0.0000,  1519.0000, 2840.0000, 0.0000,  0, 255, 0
L 1559.0000, 2840.0000, 0.0000,  1589.0000, 2840.0000, 0.0000,  0, 255, 0
L 1559.0000, 2870.0000, 0.0000,  1589.0000, 2870.0000, 0.0000,  0, 255, 0
L 1559.0000, 2810.0000, 0.0000,  1559.0000, 2870.0000, 0.0000,  0, 255, 0
L 1589.0000, 2810.0000, 0.0000,  1559.0000, 2810.0000, 0.0000,  0, 255, 0
L 1639.0000, 2870.0000, 0.0000,  1639.0000, 2810.0000, 0.0000,  0, 255, 0
L 1609.0000, 2810.0000, 0.0000,  1639.0000, 2870.0000, 0.0000,  0, 255, 0
L 1609.0000, 2870.0000, 0.0000,  1609.0000, 2810.0000, 0.0000,  0, 255, 0
L 1689.0000, 2870.0000, 0.0000,  1659.0000, 2870.0000, 0.0000,  0, 255, 0
L 1659.0000, 2810.0000, 0.0000,  1689.0000, 2810.0000, 0.0000,  0, 255, 0
L 1659.0000, 2870.0000, 0.0000,  1659.0000, 2810.0000, 0.0000,  0, 255, 0
L 1729.0000, 2840.0000, 0.0000,  1729.0000, 2870.0000, 0.0000,  0, 255, 0
L 1729.0000, 2840.0000, 0.0000,  1749.0000, 2810.0000, 0.0000,  0, 255, 0
L 1709.0000, 2810.0000, 0.0000,  1729.0000, 2840.0000, 0.0000,  0, 255, 0
L 919.0000, 2900.0000, 0.0000,  919.0000, 2930.0000, 0.0000,  255, 0, 0
L 919.0000, 2960.0000, 0.0000,  959.0000, 2960.0000, 0.0000,  255, 0, 0
L 959.0000, 2930.0000, 0.0000,  919.0000, 2930.0000, 0.0000,  255, 0, 0
L 919.0000, 2900.0000, 0.0000,  959.0000, 2900.0000, 0.0000,  255, 0, 0
L 959.0000, 2930.0000, 0.0000,  959.0000, 2960.0000, 0.0000,  255, 0, 0
L 1019.0000, 2900.0000, 0.0000,  1019.0000, 2960.0000, 0.0000,  255, 0, 0
L 979.0000, 2900.0000, 0.0000,  979.0000, 2960.0000, 0.0000,  255, 0, 0
L 979.0000, 2960.0000, 0.0000,  1019.0000, 2960.0000, 0.0000,  255, 0, 0
L 1069.0000, 2960.0000, 0.0000,  1039.0000, 2960.0000, 0.0000,  255, 0, 0
L 1039.0000, 2900.0000, 0.0000,  1069.0000, 2900.0000, 0.0000,  255, 0, 0
L 1039.0000, 2960.0000, 0.0000,  1039.0000, 2900.0000, 0.0000,  255, 0, 0
L 1119.0000, 2960.0000, 0.0000,  1089.0000, 2960.0000, 0.0000,  255, 0, 0
L 1089.0000, 2900.0000, 0.0000,  1119.0000, 2900.0000, 0.0000,  255, 0, 0
L 1089.0000, 2960.0000, 0.0000,  1089.0000, 2900.0000, 0.0000,  255, 0, 0
L 1139.0000, 2900.0000, 0.0000,  1169.0000, 2900.0000, 0.0000,  255, 0, 0
L 1139.0000, 2960.0000, 0.0000,  1169.0000, 2960.0000, 0.0000,  255, 0, 0
L 1139.0000, 2900.0000, 0.0000,  1139.0000, 2960.0000, 0.0000,  255, 0, 0
L 1169.0000, 2900.0000, 0.0000,  1169.0000, 2960.0000, 0.0000,  255, 0, 0
L 1189.0000, 2900.0000, 0.0000,  1189.0000, 2930.0000, 0.0000,  255, 0, 0
L 1189.0000, 2930.0000, 0.0000,  1189.0000, 2960.0000, 0.0000,  255, 0, 0
L 1189.0000, 2930.0000, 0.0000,  1209.0000, 2930.0000, 0.0000,  255, 0, 0
L 1229.0000, 2930.0000, 0.0000,  1229.0000, 2900.0000, 0.0000,  255, 0, 0
L 1189.0000, 2900.0000, 0.0000,  1229.0000, 2900.0000, 0.0000,  255, 0, 0
L 1209.0000, 2930.0000, 0.0000,  1229.0000, 2930.0000, 0.0000,  255, 0, 0
L 1229.0000, 2960.0000, 0.0000,  1209.0000, 2930.0000, 0.0000,  255, 0, 0
L 939.0000, 2990.0000, 0.0000,  939.0000, 3050.0000, 0.0000,  255, 255, 0
L 919.0000, 2990.0000, 0.0000,  959.0000, 2990.0000, 0.0000,  255, 255, 0
L 979.0000, 3020.0000, 0.0000,  1009.0000, 3020.0000, 0.0000,  255, 255, 0
L 979.0000, 3050.0000, 0.0000,  1009.0000, 3050.0000, 0.0000,  255, 255, 0
L 979.0000, 2990.0000, 0.0000,  979.0000, 3050.0000, 0.0000,  255, 255, 0
L 1009.0000, 2990.0000, 0.0000,  979.0000, 2990.0000, 0.0000,  255, 255, 0
L 1029.0000, 2990.0000, 0.0000,  1029.0000, 3050.0000, 0.0000,  255, 255, 0
L 1069.0000, 3050.0000, 0.0000,  1029.0000, 3050.0000, 0.0000,  255, 255, 0
L 1089.0000, 3020.0000, 0.0000,  1119.0000, 3020.0000, 0.0000,  255, 255, 0
L 1089.0000, 3050.0000, 0.0000,  1119.0000, 3050.0000, 0.0000,  255, 255, 0
L 1089.0000, 2990.0000, 0.0000,  1089.0000, 3050.0000, 0.0000,  255, 255, 0
L 1119.0000, 2990.0000, 0.0000,  1089.0000, 2990.0000, 0.0000,  255, 255, 0
L 1169.0000, 3020.0000, 0.0000,  1139.0000, 3020.0000, 0.0000,  255, 255, 0
L 1169.0000, 2990.0000, 0.0000,  1169.0000, 3020.0000, 0.0000,  255, 255, 0
L 1139.0000, 2990.0000, 0.0000,  1169.0000, 2990.0000, 0.0000,  255, 255, 0
L 1139.0000, 3050.0000, 0.0000,  1139.0000, 2990.0000, 0.0000,  255, 255, 0
L 1189.0000, 2990.0000, 0.0000,  1219.0000, 2990.0000, 0.0000,  255, 255, 0
L 1189.0000, 3050.0000, 0.0000,  1219.0000, 3050.0000, 0.0000,  255, 255, 0
L 1189.0000, 2990.0000, 0.0000,  1189.0000, 3050.0000, 0.0000,  255, 255, 0
L 1219.0000, 2990.0000, 0.0000,  1219.0000, 3050.0000, 0.0000,  255, 255, 0
L 1239.0000, 2990.0000, 0.0000,  1239.0000, 3020.0000, 0.0000,  255, 255, 0
L 1239.0000, 3020.0000, 0.0000,  1239.0000, 3050.0000, 0.0000,  255, 255, 0
L 1239.0000, 3020.0000, 0.0000,  1259.0000, 3020.0000, 0.0000,  255, 255, 0
L 1279.0000, 3020.0000, 0.0000,  1279.0000, 2990.0000, 0.0000,  255, 255, 0
L 1239.0000, 2990.0000, 0.0000,  1279.0000, 2990.0000, 0.0000,  255, 255, 0
L 1259.0000, 3020.0000, 0.0000,  1279.0000, 3020.0000, 0.0000,  255, 255, 0
L 1279.0000, 3050.0000, 0.0000,  1259.0000, 3020.0000, 0.0000,  255, 255, 0
L 1319.0000, 2990.0000, 0.0000,  1319.0000, 3050.0000, 0.0000,  255, 255, 0
L 1299.0000, 2990.0000, 0.0000,  1339.0000, 2990.0000, 0.0000,  255, 255, 0
L 939.0000, 3080.0000, 0.0000,  939.0000, 3140.0000, 0.0000,  128, 0, 128
L 919.0000, 3080.0000, 0.0000,  959.0000, 3080.0000, 0.0000,  128, 0, 128
L 979.0000, 3080.0000, 0.0000,  979.0000, 3110.0000, 0.0000,  128, 0, 128
L 979.0000, 3110.0000, 0.0000,  979.0000, 3140.0000, 0.0000,  128, 0, 128
L 979.0000, 3110.0000, 0.0000,  999.0000, 3110.0000, 0.0000,  128, 0, 128
L 1019.0000, 3110.0000, 0.0000,  1019.0000, 3080.0000, 0.0000,  128, 0, 128
L 979.0000, 3080.0000, 0.0000,  1019.0000, 3080.0000, 0.0000,  128, 0, 128
L 999.0000, 3110.0000, 0.0000,  1019.0000, 3110.0000, 0.0000,  128, 0, 128
L 1019.0000, 3140.0000, 0.0000,  999.0000, 3110.0000, 0.0000,  128, 0, 128
L 1049.0000, 3110.0000, 0.0000,  1069.0000, 3110.0000, 0.0000,  128, 0, 128
L 1059.0000, 3080.0000, 0.0000,  1079.0000, 3140.0000, 0.0000,  128, 0, 128
L 1039.0000, 3140.0000, 0.0000,  1059.0000, 3080.0000, 0.0000,  128, 0, 128
L 1109.0000, 3140.0000, 0.0000,  1109.0000, 3080.0000, 0.0000,  128, 0, 128
L 1119.0000, 3140.0000, 0.0000,  1099.0000, 3140.0000, 0.0000,  128, 0, 128
L 1129.0000, 3110.0000, 0.0000,  1119.0000, 3140.0000, 0.0000,  128, 0, 128
L 1119.0000, 3080.0000, 0.0000,  1129.0000, 3110.0000, 0.0000,  128, 0, 128
L 1099.0000, 3080.0000, 0.0000,  1119.0000, 3080.0000, 0.0000,  128, 0, 128
L 1149.0000, 3110.0000, 0.0000,  1179.0000, 3110.0000, 0.0000,  128, 0, 128
L 1149.0000, 3140.0000, 0.0000,  1179.0000, 3140.0000, 0.0000,  128, 0, 128
L 1149.0000, 3080.0000, 0.0000,  1149.0000, 3140.0000, 0.0000,  128, 0, 128
L 1179.0000, 3080.0000, 0.0000,  1149.0000, 3080.0000, 0.0000,  128, 0, 128
L 1199.0000, 3080.0000, 0.0000,  1199.0000, 3110.0000, 0.0000,  128, 0, 128
L 1199.0000, 3140.0000, 0.0000,  1239.0000, 3140.0000, 0.0000,  128, 0, 128
L 1239.0000, 3110.0000, 0.0000,  1199.0000, 3110.0000, 0.0000,  128, 0, 128
L 1199.0000, 3080.0000, 0.0000,  1239.0000, 3080.0000, 0.0000,  128, 0, 128
L 1239.0000, 3110.0000, 0.0000,  1239.0000, 3140.0000, 0.0000,  128, 0, 128
L 1259.0000, 3080.0000, 0.0000,  1259.0000, 3110.0000, 0.0000,  128, 0, 128
L 1259.0000, 3110.0000, 0.0000,  1259.0000, 3140.0000, 0.0000,  128, 0, 128
L 1259.0000, 3110.0000, 0.0000,  1299.0000, 3140.0000, 0.0000,  128, 0, 128
L 1259.0000, 3110.0000, 0.0000,  1299.0000, 3080.0000, 0.0000,  128, 0, 128
L 1319.0000, 3080.0000, 0.0000,  1319.0000, 3140.0000, 0.0000,  128, 0, 128
L 1339.0000, 3080.0000, 0.0000,  1339.0000, 3140.0000, 0.0000,  128, 0, 128
L 1379.0000, 3140.0000, 0.0000,  1339.0000, 3140.0000, 0.0000,  128, 0, 128
L 1399.0000, 3080.0000, 0.0000,  1399.0000, 3140.0000, 0.0000,  128, 0, 128
L 1439.0000, 3140.0000, 0.0000,  1399.0000, 3140.0000, 0.0000,  128, 0, 128
L 1549.0000, 3140.0000, 0.0000,  1519.0000, 3140.0000, 0.0000,  128, 0, 128
L 1519.0000, 3080.0000, 0.0000,  1549.0000, 3080.0000, 0.0000,  128, 0, 128
L 1519.0000, 3140.0000, 0.0000,  1519.0000, 3080.0000, 0.0000,  128, 0, 128
L 1569.0000, 3080.0000, 0.0000,  1599.0000, 3080.0000, 0.0000,  128, 0, 128
L 1569.0000, 3140.0000, 0.0000,  1599.0000, 3140.0000, 0.0000,  128, 0, 128
L 1569.0000, 3080.0000, 0.0000,  1569.0000, 3140.0000, 0.0000,  128, 0, 128
L 1599.0000, 3080.0000, 0.0000,  1599.0000, 3140.0000, 0.0000,  128, 0, 128
L 1649.0000, 3140.0000, 0.0000,  1649.0000, 3080.0000, 0.0000,  128, 0, 128
L 1619.0000, 3080.0000, 0.0000,  1649.0000, 3140.0000, 0.0000,  128, 0, 128
L 1619.0000, 3140.0000, 0.0000,  1619.0000, 3080.0000, 0.0000,  128, 0, 128
L 1689.0000, 3080.0000, 0.0000,  1689.0000, 3140.0000, 0.0000,  128, 0, 128
L 1669.0000, 3080.0000, 0.0000,  1709.0000, 3080.0000, 0.0000,  128, 0, 128
L 1739.0000, 3110.0000, 0.0000,  1759.0000, 3110.0000, 0.0000,  128, 0, 128
L 1749.0000, 3080.0000, 0.0000,  1769.0000, 3140.0000, 0.0000,  128, 0, 128
L 1729.0000, 3140.0000, 0.0000,  1749.0000, 3080.0000, 0.0000,  128, 0, 128
L 1789.0000, 3080.0000, 0.0000,  1789.0000, 3140.0000, 0.0000,  128, 0, 128
L 1839.0000, 3140.0000, 0.0000,  1839.0000, 3080.0000, 0.0000,  128, 0, 128
L 1809.0000, 3080.0000, 0.0000,  1839.0000, 3140.0000, 0.0000,  128, 0, 128
L 1809.0000, 3140.0000, 0.0000,  1809.0000, 3080.0000, 0.0000,  128, 0, 128
L 1859.0000, 3110.0000, 0.0000,  1889.0000, 3110.0000, 0.0000,  128, 0, 128
L 1859.0000, 3140.0000, 0.0000,  1889.0000, 3140.0000, 0.0000,  128, 0, 128
L 1859.0000, 3080.0000, 0.0000,  1859.0000, 3140.0000, 0.0000,  128, 0, 128
L 1889.0000, 3080.0000, 0.0000,  1859.0000, 3080.0000, 0.0000,  128, 0, 128
L 1909.0000, 3080.0000, 0.0000,  1909.0000, 3110.0000, 0.0000,  128, 0, 128
L 1909.0000, 3110.0000, 0.0000,  1909.0000, 3140.0000, 0.0000,  128, 0, 128
L 1909.0000, 3110.0000, 0.0000,  1929.0000, 3110.0000, 0.0000,  128, 0, 128
L 1949.0000, 3110.0000, 0.0000,  1949.0000, 3080.0000, 0.0000,  128, 0, 128
L 1909.0000, 3080.0000, 0.0000,  1949.0000, 3080.0000, 0.0000,  128, 0, 128
L 1929.0000, 3110.0000, 0.0000,  1949.0000, 3110.0000, 0.0000,  128, 0, 128
L 1949.0000, 3140.0000, 0.0000,  1929.0000, 3110.0000, 0.0000,  128, 0, 128
L 939.0000, 3170.0000, 0.0000,  939.0000, 3230.0000, 0.0000,  255, 255, 0
L 919.0000, 3170.0000, 0.0000,  959.0000, 3170.0000, 0.0000,  255, 255, 0
L 979.0000, 3170.0000, 0.0000,  979.0000, 3200.0000, 0.0000,  255, 255, 0
L 979.0000, 3200.0000, 0.0000,  979.0000, 3230.0000, 0.0000,  255, 255, 0
L 979.0000, 3200.0000, 0.0000,  999.0000, 3200.0000, 0.0000,  255, 255, 0
L 1019.0000, 3200.0000, 0.0000,  1019.0000, 3170.0000, 0.0000,  255, 255, 0
L 979.0000, 3170.0000, 0.0000,  1019.0000, 3170.0000, 0.0000,  255, 255, 0
L 999.0000, 3200.0000, 0.0000,  1019.0000, 3200.0000, 0.0000,  255, 255, 0
L 1019.0000, 3230.0000, 0.0000,  999.0000, 3200.0000, 0.0000,  255, 255, 0
L 1049.0000, 3200.0000, 0.0000,  1069.0000, 3200.0000, 0.0000,  255, 255, 0
L 1059.0000, 3170.0000, 0.0000,  1079.0000, 3230.0000, 0.0000,  255, 255, 0
L 1039.0000, 3230.0000, 0.0000,  1059.0000, 3170.0000, 0.0000,  255, 255, 0
L 1129.0000, 3200.0000, 0.0000,  1099.0000, 3200.0000, 0.0000,  255, 255, 0
L 1129.0000, 3170.0000, 0.0000,  1129.0000, 3200.0000, 0.0000,  255, 255, 0
L 1099.0000, 3170.0000, 0.0000,  1129.0000, 3170.0000, 0.0000,  255, 255, 0
L 1099.0000, 3230.0000, 0.0000,  1099.0000, 3170.0000, 0.0000,  255, 255, 0
L 949.0000, 3260.0000, 0.0000,  919.0000, 3260.0000, 0.0000,  255, 0, 0
L 919.0000, 3320.0000, 0.0000,  949.0000, 3260.0000, 0.0000,  255, 0, 0
L 919.0000, 3320.0000, 0.0000,  949.0000, 3320.0000, 0.0000,  255, 0, 0
L 969.0000, 3260.0000, 0.0000,  999.0000, 3260.0000, 0.0000,  255, 0, 0
L 969.0000, 3320.0000, 0.0000,  999.0000, 3320.0000, 0.0000,  255, 0, 0
L 969.0000, 3260.0000, 0.0000,  969.0000, 3320.0000, 0.0000,  255, 0, 0
L 999.0000, 3260.0000, 0.0000,  999.0000, 3320.0000, 0.0000,  255, 0, 0
L 1049.0000, 3320.0000, 0.0000,  1049.0000, 3260.0000, 0.0000,  255, 0, 0
L 1019.0000, 3260.0000, 0.0000,  1049.0000, 3320.0000, 0.0000,  255, 0, 0
L 1019.0000, 3320.0000, 0.0000,  1019.0000, 3260.0000, 0.0000,  255, 0, 0
L 1069.0000, 3290.0000, 0.0000,  1099.0000, 3290.0000, 0.0000,  255, 0, 0
L 1069.0000, 3320.0000, 0.0000,  1099.0000, 3320.0000, 0.0000,  255, 0, 0
L 1069.0000, 3260.0000, 0.0000,  1069.0000, 3320.0000, 0.0000,  255, 0, 0
L 1099.0000, 3260.0000, 0.0000,  1069.0000, 3260.0000, 0.0000,  255, 0, 0
P -81.0000, 1610.0000, 0.0000,  0, 0, 0,  2,  Original_Map:_Brewall_Rainsinger
P -81.0000, 1810.0000, 0.0000,  0, 0, 0,  2,  http://www.eqmaps.info
P -81.0000, 2010.0000, 0.0000,  0, 0, 0,  2,  Return_of_the_Exiled_(www.roteguild.org)
P -81.0000, 2210.0000, 0.0000,  0, 0, 0,  2,  A._No_Stone_Unturned_mob_drop
P -81.0000, 2410.0000, 0.0000,  240, 240, 0,  2,  B._Those_Who_Extinguish_ground_spawn
P -81.0000, 2610.0000, 0.0000,  240, 240, 0,  2,  C._The_Ruby_Tear_ground_spawn
P -81.0000, 2810.0000, 0.0000,  0, 0, 0,  2,  D._Memories_of_Fire_mob_drop
P -81.0000, 3010.0000, 0.0000,  127, 64, 0,  2,  Evasion_Understanding_Flow_PH=an_elemental_of_purest_flame
P -81.0000, 3210.0000, 0.0000,  127, 64, 0,  2,  Final_Blade_Lord_PH=a_scoria_golem
P -81.0000, 3410.0000, 0.0000,  127, 64, 0,  2,  Ghost_Glass_Bitter_PH=a_djinn_scholar
P -81.0000, 3610.0000, 0.0000,  127, 64, 0,  2,  Ruby_Icefall_Blossom_PH=a_surf_armor
P -81.0000, 3810.0000, 0.0000,  127, 64, 0,  2,  Shield_Spirit's_Laugh_PH=a_flashfire_phoenix
P -81.0000, 4010.0000, 0.0000,  127, 64, 0,  2,  Sixth_Consuming_Master_PH=a_vergerog_soldier
P -81.0000, 4210.0000, 0.0000,  127, 64, 0,  2,  Steam_Wave_Slicer_PH=a_fire_giant_commander
P -81.0000, 4410.0000, 0.0000,  127, 64, 0,  2,  Stout_Stone_Beaten_PH=a_vekerchiki_soldier
P -81.0000, 4610.0000, 0.0000,  127, 64, 0,  2,  Unconquering_Sand_Dirge_PH=a_duende_messenger
P -81.0000, 4810.0000, 0.0000,  127, 64, 0,  2,  Venom_of_the_Fallen_Star_PH=a_flurry_mephit
P -81.0000, 5010.0000, 0.0000,  127, 64, 0,  2,  Shispering_Depths_Sigh_PH=a_hraquis_surgelord
P -81.0000, 5210.0000, 0.0000,  127, 64, 0,  2,  White_Iron_Rainbow_PH=a_brumeflight_armor
