L -2906.5781, 863.4230, 333.8355,  -2919.6199, 827.7333, 333.8355,  0, 240, 0
L -2919.6199, 827.7333, 333.8355,  -2911.4990, 824.7790, 333.8355,  0, 240, 0
L -2911.4990, 824.7790, 333.8355,  -2914.0283, 818.1588, 333.8355,  0, 240, 0
L -2914.0283, 818.1588, 333.8355,  -2922.0430, 821.0764, 333.8355,  0, 240, 0
L -2922.0430, 821.0764, 333.8355,  -2935.3198, 784.5004, 333.8358,  0, 240, 0
L -2935.3198, 784.5004, 333.8358,  -2929.6252, 782.4255, 333.8355,  0, 240, 0
L -2931.8972, 776.0450, 333.8355,  -2929.6252, 782.4255, 333.8355,  0, 240, 0
L -2931.9495, 776.0063, 333.8356,  -2914.9905, 770.0758, 333.8365,  0, 240, 0
L -2914.9905, 770.0758, 333.8365,  -2912.4297, 776.5891, 333.8355,  0, 240, 0
L -2912.4297, 776.5891, 333.8355,  -2905.9634, 774.1508, 333.8355,  0, 240, 0
L -2905.9634, 774.1508, 333.8355,  -2908.2937, 767.7619, 333.8365,  0, 240, 0
L -2908.2937, 767.7619, 333.8365,  -2907.3403, 767.4322, 333.8375,  0, 240, 0
L -2907.3403, 767.4322, 333.8375,  -2898.1453, 792.6964, 333.8355,  0, 240, 0
L -2895.1833, 791.6506, 333.8287,  -2898.1453, 792.6964, 333.8350,  0, 240, 0
L -2895.1907, 791.6325, 333.8287,  -2892.8613, 798.0294, 333.8287,  0, 240, 0
L -2886.2019, 795.6088, 333.8141,  -2892.8613, 798.0294, 333.8256,  0, 240, 0
L -2888.5300, 789.2190, 333.8091,  -2886.2019, 795.6088, 333.8094,  0, 240, 0
L -2888.5310, 789.2189, 333.8092,  -2885.6003, 788.1821, 333.8014,  0, 240, 0
L -2885.6003, 788.1821, 333.8014,  -2885.3699, 788.5292, 333.8003,  0, 240, 0
L -2885.3699, 788.5292, 333.8003,  -2882.2214, 787.3057, 333.7949,  0, 240, 0
L -2882.2214, 787.3057, 333.7949,  -2885.7156, 775.9358, 333.9556,  0, 240, 0
L -2886.8687, 774.5274, 333.7949,  -2885.7156, 775.9358, 333.9503,  0, 240, 0
L -2890.0430, 775.6144, 333.7950,  -2886.8855, 774.5063, 333.7950,  0, 240, 0
L -2890.0525, 776.2451, 333.7950,  -2890.0525, 776.2451, 333.7950,  0, 240, 0
L -2890.0525, 776.2451, 333.7950,  -2890.0403, 775.6475, 333.7949,  0, 240, 0
L -2890.0208, 776.1811, 333.7950,  -2899.7024, 779.7572, 333.7949,  0, 240, 0
L -2899.7024, 779.7572, 333.7949,  -2906.7881, 760.2779, 333.7950,  0, 240, 0
L -2906.7881, 760.2779, 333.7950,  -2870.8064, 747.2597, 333.7960,  0, 240, 0
L -2870.8064, 747.2597, 333.7960,  -2863.7422, 766.6688, 333.7950,  0, 240, 0
L -2863.7422, 766.6688, 333.7950,  -2872.8752, 769.9416, 333.7950,  0, 240, 0
L -2843.6316, 765.8545, 360.6511,  -2878.1091, 778.4005, 360.6511,  0, 240, 240
L -2878.1091, 778.4005, 360.6511,  -2874.8076, 787.4642, 360.6511,  0, 240, 240
L -2875.1558, 788.5600, 360.6511,  -2873.4219, 793.0524, 360.6511,  240, 127, 0
L -2872.9841, 793.0780, 360.6511,  -2869.7732, 801.3058, 360.6511,  0, 240, 240
L -2869.7732, 801.3058, 360.6511,  -2864.9834, 814.4488, 360.6511,  0, 240, 240
L -2864.9834, 814.4488, 360.6511,  -2830.5120, 801.9021, 360.6511,  0, 240, 240
L -2666.8740, 783.9850, 361.0871,  -2732.1570, 808.8760, 360.6511,  0, 240, 240
L -2732.1570, 808.8760, 360.6511,  -2734.3811, 802.7548, 360.6512,  0, 240, 240
L -2734.3811, 802.7548, 360.6513,  -2740.3706, 804.9020, 360.6513,  0, 240, 240
L -2740.3706, 804.9020, 360.6513,  -2738.1338, 811.0513, 360.6512,  0, 240, 240
L -2738.1338, 811.0513, 360.6512,  -2767.3359, 821.6804, 360.6506,  0, 240, 240
L -2767.3359, 821.6804, 360.6506,  -2769.2610, 816.3803, 360.6512,  0, 240, 240
L -2769.2610, 816.3803, 360.6513,  -2775.2385, 818.5608, 360.6512,  0, 240, 240
L -2775.2385, 818.5608, 360.6512,  -2773.3130, 823.8535, 360.6512,  0, 240, 240
L -2773.3130, 823.8535, 360.6512,  -2804.6904, 835.2759, 360.6507,  0, 240, 240
L -2804.6904, 835.2759, 360.6507,  -2818.6260, 796.9363, 360.6511,  0, 240, 240
L -2818.6260, 796.9363, 360.6511,  -2818.3660, 796.7325, 360.6512,  0, 240, 240
L -2818.3660, 796.7325, 360.6512,  -2819.5183, 793.5673, 360.6512,  0, 240, 240
L -2819.5183, 793.5673, 360.6512,  -2821.8940, 793.7463, 360.8115,  0, 240, 240
L -2821.8940, 793.7463, 360.8115,  -2830.7190, 796.9578, 360.8115,  0, 240, 240
L -2832.3896, 798.2623, 360.6511,  -2830.7190, 796.9578, 360.7850,  0, 240, 240
L -2832.3870, 798.2601, 360.6511,  -2831.2754, 801.4268, 360.6511,  0, 240, 240
L -2831.2754, 801.4268, 360.6511,  -2830.7161, 801.3906, 360.6511,  0, 240, 240
L -2830.7161, 801.3906, 360.6511,  -2830.5117, 801.9021, 360.6511,  0, 240, 240
L -2843.6331, 765.8517, 360.6511,  -2836.9749, 784.2697, 360.6511,  0, 240, 240
L -2836.9749, 784.2697, 360.6511,  -2837.4072, 784.5833, 360.6511,  0, 240, 240
L -2837.4072, 784.5833, 360.6511,  -2836.2273, 787.7251, 360.6511,  0, 240, 240
L -2836.2273, 787.7251, 360.6511,  -2833.4880, 787.6298, 360.7808,  0, 240, 240
L -2833.4880, 787.6298, 360.8115,  -2825.6575, 784.7807, 360.8116,  0, 240, 240
L -2823.3435, 783.0514, 360.6511,  -2825.6575, 784.7807, 360.8115,  0, 240, 240
L -2823.3838, 783.0501, 360.6511,  -2824.5212, 779.9057, 360.6511,  0, 240, 240
L -2824.5212, 779.9057, 360.6511,  -2824.5212, 779.9057, 360.6511,  0, 240, 240
L -2824.5212, 779.9057, 360.6511,  -2824.8281, 779.8959, 360.6511,  0, 240, 240
L -2824.8281, 779.8959, 360.6511,  -2838.6211, 742.0508, 360.6505,  0, 240, 240
L -2838.6211, 742.0508, 360.6505,  -2806.9578, 730.5262, 360.6508,  0, 240, 240
L -2806.9578, 730.5262, 360.6508,  -2804.9814, 735.9041, 360.6512,  0, 240, 240
L -2804.9814, 735.9041, 360.6512,  -2799.0188, 733.7311, 360.6513,  0, 240, 240
L -2799.0188, 733.7311, 360.6512,  -2800.9797, 728.3505, 360.6507,  0, 240, 240
L -2800.9797, 728.3505, 360.6507,  -2771.7832, 717.7238, 360.6506,  0, 240, 240
L -2771.7832, 717.7238, 360.6506,  -2769.7483, 723.3096, 360.6512,  0, 240, 240
L -2769.7483, 723.3096, 360.6513,  -2763.7769, 721.1177, 360.6513,  0, 240, 240
L -2763.7769, 721.1177, 360.6513,  -2765.8071, 715.5485, 360.6511,  0, 240, 240
L -2765.8071, 715.5485, 360.6511,  -2709.0063, 694.8758, 360.7132,  0, 240, 240
L -2709.0063, 694.8758, 360.7132,  -2698.8325, 692.8703, 361.0597,  0, 240, 240
L -2698.8325, 692.8703, 361.0597,  -2665.5725, 783.5013, 361.0542,  127, 64, 0
L -2754.5063, 746.5615, 360.6513,  -2743.6243, 777.3951, 360.6513,  0, 240, 240
L -2743.6243, 777.3951, 360.6513,  -2749.6306, 779.4607, 360.6513,  0, 240, 240
L -2749.6306, 779.4607, 360.6513,  -2750.8354, 776.1522, 360.6513,  0, 240, 240
L -2750.8354, 776.1522, 360.6513,  -2780.3550, 785.9109, 360.6513,  0, 240, 240
L -2780.3550, 785.9109, 360.6513,  -2778.4946, 791.0116, 360.6513,  0, 240, 240
L -2778.4946, 791.0116, 360.6513,  -2784.5024, 793.1080, 360.6512,  0, 240, 240
L -2784.5024, 793.1080, 360.6512,  -2786.3315, 788.0862, 360.6512,  0, 240, 240
L -2786.3315, 788.0862, 360.6512,  -2799.9429, 793.0410, 360.6512,  0, 240, 240
L -2799.9429, 793.0410, 360.6512,  -2807.6084, 771.9775, 360.6512,  0, 240, 240
L -2807.6084, 771.9775, 360.6512,  -2793.7109, 766.9197, 360.6512,  0, 240, 240
L -2793.7109, 766.9197, 360.6512,  -2795.7373, 761.3495, 360.6512,  0, 240, 240
L -2795.7373, 761.3495, 360.6519,  -2789.7581, 759.1747, 360.6513,  0, 240, 240
L -2789.7581, 759.1747, 360.6513,  -2787.7380, 764.7352, 360.6513,  0, 240, 240
L -2787.7380, 764.7352, 360.6513,  -2758.8079, 753.3741, 360.6513,  0, 240, 240
L -2758.8079, 753.3741, 360.6513,  -2760.4932, 748.7410, 360.6513,  0, 240, 240
L -2760.4932, 748.7410, 360.6530,  -2754.5063, 746.5615, 360.6522,  0, 240, 240
L -2868.0989, 815.5828, 360.6529,  -2875.6711, 794.7763, 360.6509,  0, 240, 240
L -2877.8496, 788.7909, 360.6510,  -2881.2202, 779.5324, 360.6508,  0, 240, 240
L -2881.2202, 779.5324, 360.6508,  -2917.5022, 792.7802, 360.6510,  0, 240, 240
L -2917.5022, 792.7802, 360.6510,  -2904.3960, 828.7938, 360.6508,  0, 240, 240
L -2904.3960, 828.7938, 360.6508,  -2884.4001, 821.5151, 360.6569,  0, 240, 240
L -2878.6470, 819.4211, 360.6752,  -2868.0991, 815.5814, 360.6529,  0, 240, 240
L -2878.8435, 820.6254, 360.6734,  -2883.3289, 822.3560, 360.6596,  240, 240, 0
P 2870.9263, 3913.6504, 388.5332,  255, 0, 0,  3,  to_Tempest_Temple
P -880.0000, 200.0000, 344.0000,  255, 0, 0,  3,  to_Katta_Castrum
P -3130.0000, 1721.0000, 304.4740,  255, 0, 0,  2,  Succor
P 2901.6265, 3901.3599, 377.4734,  255, 0, 0,  2,  Druid_Ring
P -448.0000, -4660.0000, 334.0000,  255, 255, 0,  2,  Locked_Door
P -2881.5918, 820.2470, 360.6661,  255, 255, 0,  2,  Locked_Door_(Unpickable)
P -3271.9341, -406.5421, 306.0652,  0, 240, 0,  2,  Halon_Griere_(Doubloon_Merchant)
P -3344.9351, 1567.0399, 305.5602,  0, 128, 0,  2,  Sid_Hacke_(Merchant)
P -2971.0000, 60.0000, 306.0000,  0, 128, 128,  2,  Bilgewater_Bill_(Quest)
P -3045.0000, -130.0000, 311.0000,  0, 128, 128,  2,  Scurv-acious_Bella_Straw_(Quest)
P -3034.0000, -142.0000, 307.0000,  0, 128, 128,  2,  Breal_the_Minstrel_(Quest)
P -2985.0000, 57.0000, 310.0000,  0, 128, 128,  2,  Murderous_Mal_(Quest)
P -4690.0000, 810.0000, 372.0000,  0, 0, 0,  2,  Jelly_Bones_Bud
P 4228.0000, 224.0000, 312.0000,  0, 0, 0,  2,  Helushka
P 4309.0000, -3129.0000, 313.0000,  0, 0, 0,  2,  Garayy_Gali
P 2771.0000, -44.0000, 335.0000,  0, 0, 0,  2,  Lutzan
P 3878.0000, 1650.0000, 200.0000,  0, 0, 0,  2,  Maleko
P 4152.0000, -3863.0000, 313.0000,  0, 0, 0,  2,  Garayy_Yuundu
P -3266.0000, -413.0000, 305.0000,  0, 128, 128,  2,  Gus_Longear_(Quest)
P -3250.0000, -399.0000, 304.0000,  0, 128, 128,  2,  Darius_Blythe_(Quest)
P -3082.0000, -195.0000, 305.0000,  0, 128, 128,  2,  Macon_Teach_(Quest)
P -3066.0000, -201.0000, 303.0000,  0, 128, 128,  2,  Logan_Grimm_(Quest)
P -2877.0000, 813.0000, 360.0000,  0, 0, 0,  2,  Karl_Scarmonger
P -2887.0000, 819.0000, 360.0000,  0, 0, 0,  2,  Jert_Scarmonger
P -1076.0000, 3892.0000, 502.0000,  0, 0, 0,  2,  king_peleke
P 2773.5120, 123.6234, 407.7453,  0, 0, 0,  2,  Sunstone_Flame_Reaver
P 2703.0137, 200.9606, 403.3273,  0, 0, 0,  2,  Sunstone_Ash_Priest
P -669.2286, 3597.0518, 573.7991,  0, 0, 0,  2,  Luitl_the_Prophet
P -3454.6116, 1469.5177, 302.6367,  0, 128, 128,  2,  Captain_Pete_(Quest)
P -4455.7144, -2103.6255, 304.6628,  0, 0, 0,  2,  Stonejaw
P -3423.2522, 1512.3666, 303.2480,  0, 128, 128,  2,  Pirate_Smythe_(Quest)
P -603.7723, 3659.9634, 573.4518,  0, 0, 0,  2,  Stormscape_Crusader
P 3976.9878, 3500.9102, 399.2180,  0, 0, 0,  2,  Terraraptor
P 2537.9788, 3840.8743, 375.9275,  0, 0, 0,  2,  Pythos
P 4074.3721, 3241.3140, 327.1366,  0, 0, 0,  2,  a_Goblin_Maurader
P 3426.9241, 3368.2002, 400.2894,  0, 0, 0,  2,  Thunderstep
P -3261.3472, 1652.9850, 305.3252,  0, 128, 128,  2,  Johnny_the_Black_Crow_(Quest)
P -3259.3223, 1670.5215, 304.5690,  0, 128, 128,  2,  Rickan_(Quest)
P -3277.5962, 1657.8429, 304.9253,  0, 0, 0,  2,  Chum_Chum
P -3039.0000, -143.0000, 308.6509,  0, 0, 0,  2,  Beal_the_Minstrel
P -594.6800, 3611.0198, 575.6973,  0, 0, 0,  2,  Stormscape_High_Priest
P -1106.3882, 3775.0186, 505.9944,  0, 0, 0,  2,  Stormscape_Warder
P 3314.0000, 4739.0000, 538.0666,  0, 0, 0,  2,  Researcher_Aeglos
P 3663.0000, -2938.0000, 310.0000,  255, 255, 255,  2,  Reefrunner
P -31.0000, 3654.0000, 304.0000,  255, 255, 255,  2,  Regrua_Crabs
P 3812.3877, 1292.0764, 209.4891,  255, 255, 255,  2,  Tidewater_Goblins
P 3160.1641, 3779.6392, 338.5192,  255, 255, 255,  2,  Monkey_Statue
P 3291.4751, -2912.0789, 161.8630,  255, 255, 255,  2,  Underwater_Cave
P 3048.0000, 1030.0000, 334.0000,  255, 255, 255,  2,  Suncrest_Ridge
P 3338.0000, 4142.0000, 357.0000,  255, 255, 255,  2,  Monkey_Rock_(Island)
P 2161.0000, 361.0000, 311.0000,  255, 255, 255,  2,  Raptor/Tiger_Island
P -2873.0000, 807.0000, 307.0000,  255, 255, 255,  2,  Jardell's_Inn
P 4347.0000, -3319.0000, 309.0000,  255, 255, 255,  2,  Undead_Island
P -1579.0000, 3605.0000, 338.0000,  255, 255, 255,  2,  Redfeather_Isle
P -3920.0000, 355.0000, 310.0000,  255, 255, 255,  2,  Jardel's_Hook
P 2161.0000, 361.0000, 311.0000,  255, 255, 255,  2,  Suncrest_Island
P 2889.0000, -3342.0000, 308.0000,  255, 255, 255,  2,  Deadbone_Reef
P -3956.0000, -1659.0000, 309.0000,  255, 255, 255,  2,  Maiden's_Grave
P 4414.9688, -2514.5647, 477.1237,  255, 255, 255,  2,  Lake_Slikernx
P 3844.8638, -3363.6880, 462.9193,  255, 255, 255,  2,  Bay_of_Slikernx
P -585.0000, -3800.0000, 310.0000,  255, 255, 255,  2,  Blacksail_Folly
P -2630.0000, 990.0000, 311.0000,  255, 255, 255,  2,  Pirates
P 2358.0000, 1040.0000, 321.0000,  255, 255, 255,  2,  Drakes
P -1465.0000, -4562.0000, 316.0000,  255, 255, 255,  2,  Pirates
P -4653.0000, 734.0000, 371.0000,  255, 255, 255,  2,  Pirates
P -3920.0000, 355.0000, 310.0000,  255, 255, 255,  2,  Pirates
P 3313.0000, 4612.0000, 519.0000,  255, 255, 255,  2,  Undead_Tower
P 3203.0000, 4223.0000, 341.0000,  255, 255, 255,  2,  Diseased_Animals
P 3445.0000, -198.0000, 400.0000,  255, 255, 255,  2,  Goblins
P -3187.7698, -3984.7698, 170.0000,  0, 0, 240,  1,  a_waterlogged_chest
P -2247.7698, -1772.7699, 170.0000,  0, 0, 240,  1,  a_waterlogged_chest
P -3573.7698, -4123.7695, 170.0000,  0, 0, 240,  1,  a_waterlogged_chest
P -5041.5591, -3267.9478, 285.1750,  0, 0, 240,  1,  a_Waterlogged_Chest
P -3961.2969, -4360.6650, 197.4010,  0, 0, 240,  1,  a_Waterlogged_Chest
P -3012.9717, -3608.2283, 271.3496,  0, 0, 240,  1,  a_waterlogged_chest
P -2991.6272, -1879.9865, 198.0988,  0, 0, 240,  1,  a_waterlogged_chest
P -5066.0024, -2457.9583, 273.2895,  0, 0, 240,  1,  a_waterlogged_chest
P -4505.0977, -4142.8252, 196.4844,  0, 0, 240,  1,  a_waterlogged_chest
P -2521.6084, -2098.5769, 172.1414,  0, 0, 240,  1,  a_waterlogged_chest
P -4709.2563, -1916.2533, 198.9834,  0, 0, 240,  1,  a_waterlogged_chest
P -4931.3306, -3936.8025, 122.1958,  0, 0, 240,  1,  a_waterlogged_chest
P -2796.6011, -3498.8323, 208.0327,  0, 0, 240,  1,  a_waterlogged_chest
P -2791.0000, 2854.0000, 257.5785,  0, 0, 240,  1,  a_waterlogged_chest
P -1059.3170, 4156.7046, 305.4063,  0, 0, 240,  1,  a_waterlogged_chest
P -3386.2830, -1868.9419, 262.8044,  0, 0, 240,  1,  a_waterlogged_chest
P -4680.7197, -1581.8506, 134.3094,  0, 0, 240,  1,  a_waterlogged_chest
P -5140.4629, -2718.6846, 275.2842,  0, 0, 240,  1,  a_waterlogged_chest
P -3740.4246, -4386.9180, 103.8982,  0, 0, 240,  1,  a_waterlogged_chest
P -2938.6570, -2914.7327, 200.2566,  0, 0, 240,  1,  a_waterlogged_chest
P -2623.0000, 4091.0000, 277.4057,  0, 0, 240,  1,  a_waterlogged_chest
P -1746.0000, 4211.0000, 308.0000,  0, 0, 240,  1,  a_waterlogged_chest
P -933.0135, 3610.9397, 503.6227,  0, 0, 240,  1,  GS:_Shattered_Siren_Staff_Piece
P 3399.7769, 3362.1355, 401.6109,  0, 0, 240,  1,  GS:_Staff_Piece
P 3455.2039, -50.8177, 400.8314,  0, 0, 240,  1,  GS:_Sfaff_Piece
P 3728.5066, -2802.0271, 308.3006,  0, 0, 240,  1,  GS:_Staff_Piece
P -4380.1729, -2876.6189, 305.1197,  0, 0, 240,  1,  GS:_Staff_Piece
P -2876.7354, -105.6793, 326.7557,  0, 127, 0,  2,  Dockmaster_Angus_(Tickets)
