L 1000.0000, 0.0000, 0.0000,  1000.0000, -50.0000, 0.0000,  255, 0, 0
L -20.0000, 50.0000, 0.0000,  -50.0000, 20.0000, 0.0000,  255, 0, 0
L 50.0000, 20.0000, 0.0000,  20.0000, 50.0000, 0.0000,  255, 0, 0
L 20.0000, -50.0000, 0.0000,  50.0000, -20.0000, 0.0000,  255, 0, 0
L -50.0000, -20.0000, 0.0000,  -20.0000, -50.0000, 0.0000,  255, 0, 0
L -50.0000, 20.0000, 0.0000,  -50.0000, -20.0000, 0.0000,  255, 0, 0
L 20.0000, 50.0000, 0.0000,  -20.0000, 50.0000, 0.0000,  255, 0, 0
L 50.0000, -20.0000, 0.0000,  50.0000, 20.0000, 0.0000,  255, 0, 0
L -20.0000, -50.0000, 0.0000,  20.0000, -50.0000, 0.0000,  255, 0, 0
L 580.0000, -20.0000, 0.0000,  540.0000, -20.0000, 0.0000,  255, 0, 0
L 580.0000, -90.0000, 0.0000,  580.0000, -20.0000, 0.0000,  255, 0, 0
L 540.0000, -90.0000, 0.0000,  580.0000, -90.0000, 0.0000,  255, 0, 0
L 540.0000, -20.0000, 0.0000,  540.0000, -90.0000, 0.0000,  255, 0, 0
L 520.0000, -20.0000, 0.0000,  480.0000, -20.0000, 0.0000,  255, 0, 0
L 520.0000, -90.0000, 0.0000,  520.0000, -20.0000, 0.0000,  255, 0, 0
L 480.0000, -90.0000, 0.0000,  520.0000, -90.0000, 0.0000,  255, 0, 0
L 480.0000, -20.0000, 0.0000,  480.0000, -90.0000, 0.0000,  255, 0, 0
L 460.0000, -90.0000, 0.0000,  450.0000, -80.0000, 0.0000,  255, 0, 0
L 460.0000, -20.0000, 0.0000,  460.0000, -90.0000, 0.0000,  255, 0, 0
L 0.0000, -250.0000, 0.0000,  0.0000, 250.0000, 0.0000,  255, 0, 0
L -250.0000, 0.0000, 0.0000,  1000.0000, 0.0000, 0.0000,  255, 0, 0
L -120.0000, -80.0000, 0.0000,  -120.0000, -60.0000, 0.0000,  255, 0, 0
L -120.0000, -60.0000, 0.0000,  -120.0000, -40.0000, 0.0000,  255, 0, 0
L -100.0000, -60.0000, 0.0000,  -120.0000, -60.0000, 0.0000,  255, 0, 0
L -120.0000, -60.0000, 0.0000,  -140.0000, -60.0000, 0.0000,  255, 0, 0
L -90.0000, -50.0000, 0.0000,  -100.0000, -30.0000, 0.0000,  255, 0, 0
L -60.0000, -80.0000, 0.0000,  -60.0000, -60.0000, 0.0000,  255, 0, 0
L -60.0000, -60.0000, 0.0000,  -60.0000, -40.0000, 0.0000,  255, 0, 0
L -40.0000, -60.0000, 0.0000,  -60.0000, -60.0000, 0.0000,  255, 0, 0
L -60.0000, -60.0000, 0.0000,  -80.0000, -60.0000, 0.0000,  255, 0, 0
L 100.0000, 60.0000, 0.0000,  120.0000, 60.0000, 0.0000,  255, 0, 0
L 120.0000, 60.0000, 0.0000,  140.0000, 60.0000, 0.0000,  255, 0, 0
L 90.0000, 70.0000, 0.0000,  80.0000, 90.0000, 0.0000,  255, 0, 0
L 40.0000, 60.0000, 0.0000,  60.0000, 60.0000, 0.0000,  255, 0, 0
L 60.0000, 60.0000, 0.0000,  80.0000, 60.0000, 0.0000,  255, 0, 0
L -100.0000, 60.0000, 0.0000,  -120.0000, 60.0000, 0.0000,  255, 0, 0
L -120.0000, 60.0000, 0.0000,  -140.0000, 60.0000, 0.0000,  255, 0, 0
L -90.0000, 70.0000, 0.0000,  -100.0000, 90.0000, 0.0000,  255, 0, 0
L -60.0000, 80.0000, 0.0000,  -60.0000, 60.0000, 0.0000,  255, 0, 0
L -60.0000, 60.0000, 0.0000,  -60.0000, 40.0000, 0.0000,  255, 0, 0
L -40.0000, 60.0000, 0.0000,  -60.0000, 60.0000, 0.0000,  255, 0, 0
L -60.0000, 60.0000, 0.0000,  -80.0000, 60.0000, 0.0000,  255, 0, 0
L 100.0000, -60.0000, 0.0000,  120.0000, -60.0000, 0.0000,  255, 0, 0
L 120.0000, -60.0000, 0.0000,  140.0000, -60.0000, 0.0000,  255, 0, 0
L 90.0000, -50.0000, 0.0000,  80.0000, -30.0000, 0.0000,  255, 0, 0
L 60.0000, -80.0000, 0.0000,  60.0000, -60.0000, 0.0000,  255, 0, 0
L 60.0000, -60.0000, 0.0000,  60.0000, -40.0000, 0.0000,  255, 0, 0
L 40.0000, -60.0000, 0.0000,  60.0000, -60.0000, 0.0000,  255, 0, 0
L 60.0000, -60.0000, 0.0000,  80.0000, -60.0000, 0.0000,  255, 0, 0
L 599.0000, -90.0000, 0.0000,  637.3000, -90.0000, 0.0000,  255, 0, 0
L 599.0000, -20.0000, 0.0000,  637.3000, -20.0000, 0.0000,  255, 0, 0
L 599.0000, -90.0000, 0.0000,  599.0000, -20.0000, 0.0000,  255, 0, 0
L 637.3000, -90.0000, 0.0000,  637.3000, -20.0000, 0.0000,  255, 0, 0
L 892.0000, 458.0000, 0.0000,  892.0000, 518.0000, 0.0000,  0, 0, 0
L 932.0000, 518.0000, 0.0000,  892.0000, 518.0000, 0.0000,  0, 0, 0
L 952.0000, 488.0000, 0.0000,  982.0000, 488.0000, 0.0000,  0, 0, 0
L 952.0000, 518.0000, 0.0000,  982.0000, 518.0000, 0.0000,  0, 0, 0
L 952.0000, 458.0000, 0.0000,  952.0000, 518.0000, 0.0000,  0, 0, 0
L 982.0000, 458.0000, 0.0000,  952.0000, 458.0000, 0.0000,  0, 0, 0
L 1032.0000, 518.0000, 0.0000,  1002.0000, 518.0000, 0.0000,  0, 0, 0
L 1002.0000, 458.0000, 0.0000,  1032.0000, 458.0000, 0.0000,  0, 0, 0
L 1002.0000, 518.0000, 0.0000,  1002.0000, 458.0000, 0.0000,  0, 0, 0
L 1032.0000, 518.0000, 0.0000,  1032.0000, 488.0000, 0.0000,  0, 0, 0
L 1032.0000, 488.0000, 0.0000,  1012.0000, 488.0000, 0.0000,  0, 0, 0
L 1052.0000, 488.0000, 0.0000,  1082.0000, 488.0000, 0.0000,  0, 0, 0
L 1052.0000, 518.0000, 0.0000,  1082.0000, 518.0000, 0.0000,  0, 0, 0
L 1052.0000, 458.0000, 0.0000,  1052.0000, 518.0000, 0.0000,  0, 0, 0
L 1082.0000, 458.0000, 0.0000,  1052.0000, 458.0000, 0.0000,  0, 0, 0
L 1132.0000, 518.0000, 0.0000,  1132.0000, 458.0000, 0.0000,  0, 0, 0
L 1102.0000, 458.0000, 0.0000,  1132.0000, 518.0000, 0.0000,  0, 0, 0
L 1102.0000, 518.0000, 0.0000,  1102.0000, 458.0000, 0.0000,  0, 0, 0
L 1162.0000, 518.0000, 0.0000,  1162.0000, 458.0000, 0.0000,  0, 0, 0
L 1172.0000, 518.0000, 0.0000,  1152.0000, 518.0000, 0.0000,  0, 0, 0
L 1182.0000, 488.0000, 0.0000,  1172.0000, 518.0000, 0.0000,  0, 0, 0
L 1172.0000, 458.0000, 0.0000,  1182.0000, 488.0000, 0.0000,  0, 0, 0
L 1152.0000, 458.0000, 0.0000,  1172.0000, 458.0000, 0.0000,  0, 0, 0
L 892.0000, 548.0000, 0.0000,  1012.0000, 548.0000, 0.0000,  255, 255, 0
L 892.0000, 628.0000, 0.0000,  1012.0000, 628.0000, 0.0000,  255, 255, 0
L 1012.0000, 548.0000, 0.0000,  1012.0000, 628.0000, 0.0000,  255, 255, 0
L 892.0000, 628.0000, 0.0000,  892.0000, 548.0000, 0.0000,  255, 255, 0
L 1012.0000, 628.0000, 0.0000,  952.0000, 588.0000, 0.0000,  255, 255, 0
L 1012.0000, 548.0000, 0.0000,  952.0000, 588.0000, 0.0000,  255, 255, 0
L 952.0000, 588.0000, 0.0000,  892.0000, 548.0000, 0.0000,  255, 255, 0
L 952.0000, 588.0000, 0.0000,  892.0000, 628.0000, 0.0000,  255, 255, 0
L 1072.0000, 558.0000, 0.0000,  1072.0000, 618.0000, 0.0000,  0, 0, 0
L 1052.0000, 558.0000, 0.0000,  1092.0000, 558.0000, 0.0000,  0, 0, 0
L 1112.0000, 588.0000, 0.0000,  1142.0000, 588.0000, 0.0000,  0, 0, 0
L 1112.0000, 618.0000, 0.0000,  1142.0000, 618.0000, 0.0000,  0, 0, 0
L 1112.0000, 558.0000, 0.0000,  1112.0000, 618.0000, 0.0000,  0, 0, 0
L 1142.0000, 558.0000, 0.0000,  1112.0000, 558.0000, 0.0000,  0, 0, 0
L 1162.0000, 558.0000, 0.0000,  1162.0000, 618.0000, 0.0000,  0, 0, 0
L 1202.0000, 618.0000, 0.0000,  1162.0000, 618.0000, 0.0000,  0, 0, 0
L 1222.0000, 588.0000, 0.0000,  1252.0000, 588.0000, 0.0000,  0, 0, 0
L 1222.0000, 618.0000, 0.0000,  1252.0000, 618.0000, 0.0000,  0, 0, 0
L 1222.0000, 558.0000, 0.0000,  1222.0000, 618.0000, 0.0000,  0, 0, 0
L 1252.0000, 558.0000, 0.0000,  1222.0000, 558.0000, 0.0000,  0, 0, 0
L 1302.0000, 588.0000, 0.0000,  1272.0000, 588.0000, 0.0000,  0, 0, 0
L 1302.0000, 558.0000, 0.0000,  1302.0000, 588.0000, 0.0000,  0, 0, 0
L 1272.0000, 558.0000, 0.0000,  1302.0000, 558.0000, 0.0000,  0, 0, 0
L 1272.0000, 618.0000, 0.0000,  1272.0000, 558.0000, 0.0000,  0, 0, 0
L 1322.0000, 558.0000, 0.0000,  1352.0000, 558.0000, 0.0000,  0, 0, 0
L 1322.0000, 618.0000, 0.0000,  1352.0000, 618.0000, 0.0000,  0, 0, 0
L 1322.0000, 558.0000, 0.0000,  1322.0000, 618.0000, 0.0000,  0, 0, 0
L 1352.0000, 558.0000, 0.0000,  1352.0000, 618.0000, 0.0000,  0, 0, 0
L 1372.0000, 558.0000, 0.0000,  1372.0000, 588.0000, 0.0000,  0, 0, 0
L 1372.0000, 588.0000, 0.0000,  1372.0000, 618.0000, 0.0000,  0, 0, 0
L 1372.0000, 588.0000, 0.0000,  1392.0000, 588.0000, 0.0000,  0, 0, 0
L 1412.0000, 588.0000, 0.0000,  1412.0000, 558.0000, 0.0000,  0, 0, 0
L 1372.0000, 558.0000, 0.0000,  1412.0000, 558.0000, 0.0000,  0, 0, 0
L 1392.0000, 588.0000, 0.0000,  1412.0000, 588.0000, 0.0000,  0, 0, 0
L 1412.0000, 618.0000, 0.0000,  1392.0000, 588.0000, 0.0000,  0, 0, 0
L 1452.0000, 558.0000, 0.0000,  1452.0000, 618.0000, 0.0000,  0, 0, 0
L 1432.0000, 558.0000, 0.0000,  1472.0000, 558.0000, 0.0000,  0, 0, 0
L 892.0000, 748.0000, 0.0000,  952.0000, 748.0000, 0.0000,  0, 0, 0
L 892.0000, 668.0000, 0.0000,  952.0000, 668.0000, 0.0000,  0, 0, 0
L 922.0000, 721.0000, 0.0000,  922.0000, 695.0000, 0.0000,  205, 133, 63
L 952.0000, 748.0000, 0.0000,  1012.0000, 748.0000, 0.0000,  0, 0, 0
L 952.0000, 748.0000, 0.0000,  952.0000, 721.0000, 0.0000,  205, 133, 63
L 922.0000, 721.0000, 0.0000,  982.0000, 721.0000, 0.0000,  205, 133, 63
L 922.0000, 695.0000, 0.0000,  952.0000, 695.0000, 0.0000,  205, 133, 63
L 952.0000, 695.0000, 0.0000,  982.0000, 695.0000, 0.0000,  205, 133, 63
L 952.0000, 668.0000, 0.0000,  1012.0000, 668.0000, 0.0000,  0, 0, 0
L 952.0000, 695.0000, 0.0000,  952.0000, 668.0000, 0.0000,  205, 133, 63
L 982.0000, 721.0000, 0.0000,  982.0000, 695.0000, 0.0000,  205, 133, 63
L 1062.0000, 738.0000, 0.0000,  1062.0000, 678.0000, 0.0000,  0, 0, 0
L 1072.0000, 738.0000, 0.0000,  1052.0000, 738.0000, 0.0000,  0, 0, 0
L 1082.0000, 708.0000, 0.0000,  1072.0000, 738.0000, 0.0000,  0, 0, 0
L 1072.0000, 678.0000, 0.0000,  1082.0000, 708.0000, 0.0000,  0, 0, 0
L 1052.0000, 678.0000, 0.0000,  1072.0000, 678.0000, 0.0000,  0, 0, 0
L 1102.0000, 678.0000, 0.0000,  1132.0000, 678.0000, 0.0000,  0, 0, 0
L 1102.0000, 738.0000, 0.0000,  1132.0000, 738.0000, 0.0000,  0, 0, 0
L 1102.0000, 678.0000, 0.0000,  1102.0000, 738.0000, 0.0000,  0, 0, 0
L 1132.0000, 678.0000, 0.0000,  1132.0000, 738.0000, 0.0000,  0, 0, 0
L 1152.0000, 678.0000, 0.0000,  1182.0000, 678.0000, 0.0000,  0, 0, 0
L 1152.0000, 738.0000, 0.0000,  1182.0000, 738.0000, 0.0000,  0, 0, 0
L 1152.0000, 678.0000, 0.0000,  1152.0000, 738.0000, 0.0000,  0, 0, 0
L 1182.0000, 678.0000, 0.0000,  1182.0000, 738.0000, 0.0000,  0, 0, 0
L 1202.0000, 678.0000, 0.0000,  1202.0000, 708.0000, 0.0000,  0, 0, 0
L 1202.0000, 708.0000, 0.0000,  1202.0000, 738.0000, 0.0000,  0, 0, 0
L 1202.0000, 708.0000, 0.0000,  1222.0000, 708.0000, 0.0000,  0, 0, 0
L 1242.0000, 708.0000, 0.0000,  1242.0000, 678.0000, 0.0000,  0, 0, 0
L 1202.0000, 678.0000, 0.0000,  1242.0000, 678.0000, 0.0000,  0, 0, 0
L 1222.0000, 708.0000, 0.0000,  1242.0000, 708.0000, 0.0000,  0, 0, 0
L 1242.0000, 738.0000, 0.0000,  1222.0000, 708.0000, 0.0000,  0, 0, 0
L 892.0000, 788.0000, 0.0000,  892.0000, 818.0000, 0.0000,  255, 210, 0
L 892.0000, 788.0000, 0.0000,  912.0000, 788.0000, 0.0000,  255, 210, 0
L 912.0000, 848.0000, 0.0000,  892.0000, 848.0000, 0.0000,  255, 210, 0
L 892.0000, 818.0000, 0.0000,  892.0000, 848.0000, 0.0000,  255, 210, 0
L 912.0000, 818.0000, 0.0000,  892.0000, 818.0000, 0.0000,  255, 210, 0
L 912.0000, 818.0000, 0.0000,  932.0000, 803.0000, 0.0000,  255, 210, 0
L 912.0000, 788.0000, 0.0000,  932.0000, 803.0000, 0.0000,  255, 210, 0
L 912.0000, 818.0000, 0.0000,  932.0000, 833.0000, 0.0000,  255, 210, 0
L 932.0000, 833.0000, 0.0000,  912.0000, 848.0000, 0.0000,  255, 210, 0
L 962.0000, 818.0000, 0.0000,  982.0000, 818.0000, 0.0000,  255, 210, 0
L 972.0000, 788.0000, 0.0000,  992.0000, 848.0000, 0.0000,  255, 210, 0
L 952.0000, 848.0000, 0.0000,  972.0000, 788.0000, 0.0000,  255, 210, 0
L 1042.0000, 848.0000, 0.0000,  1042.0000, 788.0000, 0.0000,  255, 210, 0
L 1012.0000, 788.0000, 0.0000,  1042.0000, 848.0000, 0.0000,  255, 210, 0
L 1012.0000, 848.0000, 0.0000,  1012.0000, 788.0000, 0.0000,  255, 210, 0
L 1062.0000, 788.0000, 0.0000,  1062.0000, 818.0000, 0.0000,  255, 210, 0
L 1062.0000, 818.0000, 0.0000,  1062.0000, 848.0000, 0.0000,  255, 210, 0
L 1062.0000, 818.0000, 0.0000,  1102.0000, 848.0000, 0.0000,  255, 210, 0
L 1062.0000, 818.0000, 0.0000,  1102.0000, 788.0000, 0.0000,  255, 210, 0
L 1122.0000, 818.0000, 0.0000,  1152.0000, 818.0000, 0.0000,  255, 210, 0
L 1122.0000, 848.0000, 0.0000,  1152.0000, 848.0000, 0.0000,  255, 210, 0
L 1122.0000, 788.0000, 0.0000,  1122.0000, 848.0000, 0.0000,  255, 210, 0
L 1152.0000, 788.0000, 0.0000,  1122.0000, 788.0000, 0.0000,  255, 210, 0
L 1172.0000, 788.0000, 0.0000,  1172.0000, 818.0000, 0.0000,  255, 210, 0
L 1172.0000, 818.0000, 0.0000,  1172.0000, 848.0000, 0.0000,  255, 210, 0
L 1172.0000, 818.0000, 0.0000,  1192.0000, 818.0000, 0.0000,  255, 210, 0
L 1212.0000, 818.0000, 0.0000,  1212.0000, 788.0000, 0.0000,  255, 210, 0
L 1172.0000, 788.0000, 0.0000,  1212.0000, 788.0000, 0.0000,  255, 210, 0
L 1192.0000, 818.0000, 0.0000,  1212.0000, 818.0000, 0.0000,  255, 210, 0
L 1212.0000, 848.0000, 0.0000,  1192.0000, 818.0000, 0.0000,  255, 210, 0
L 922.0000, 938.0000, 0.0000,  892.0000, 938.0000, 0.0000,  255, 255, 255
L 892.0000, 878.0000, 0.0000,  922.0000, 878.0000, 0.0000,  255, 255, 255
L 892.0000, 938.0000, 0.0000,  892.0000, 878.0000, 0.0000,  255, 255, 255
L 942.0000, 878.0000, 0.0000,  972.0000, 878.0000, 0.0000,  255, 255, 255
L 942.0000, 938.0000, 0.0000,  972.0000, 938.0000, 0.0000,  255, 255, 255
L 942.0000, 878.0000, 0.0000,  942.0000, 938.0000, 0.0000,  255, 255, 255
L 972.0000, 878.0000, 0.0000,  972.0000, 938.0000, 0.0000,  255, 255, 255
L 1032.0000, 878.0000, 0.0000,  1032.0000, 938.0000, 0.0000,  255, 255, 255
L 1012.0000, 908.0000, 0.0000,  1032.0000, 878.0000, 0.0000,  255, 255, 255
L 992.0000, 878.0000, 0.0000,  1012.0000, 908.0000, 0.0000,  255, 255, 255
L 992.0000, 938.0000, 0.0000,  992.0000, 878.0000, 0.0000,  255, 255, 255
L 1092.0000, 878.0000, 0.0000,  1092.0000, 938.0000, 0.0000,  255, 255, 255
L 1072.0000, 908.0000, 0.0000,  1092.0000, 878.0000, 0.0000,  255, 255, 255
L 1052.0000, 878.0000, 0.0000,  1072.0000, 908.0000, 0.0000,  255, 255, 255
L 1052.0000, 938.0000, 0.0000,  1052.0000, 878.0000, 0.0000,  255, 255, 255
L 1112.0000, 908.0000, 0.0000,  1142.0000, 908.0000, 0.0000,  255, 255, 255
L 1112.0000, 938.0000, 0.0000,  1142.0000, 938.0000, 0.0000,  255, 255, 255
L 1112.0000, 878.0000, 0.0000,  1112.0000, 938.0000, 0.0000,  255, 255, 255
L 1142.0000, 878.0000, 0.0000,  1112.0000, 878.0000, 0.0000,  255, 255, 255
L 1192.0000, 938.0000, 0.0000,  1192.0000, 878.0000, 0.0000,  255, 255, 255
L 1162.0000, 878.0000, 0.0000,  1192.0000, 938.0000, 0.0000,  255, 255, 255
L 1162.0000, 938.0000, 0.0000,  1162.0000, 878.0000, 0.0000,  255, 255, 255
L 1232.0000, 878.0000, 0.0000,  1232.0000, 938.0000, 0.0000,  255, 255, 255
L 1212.0000, 878.0000, 0.0000,  1252.0000, 878.0000, 0.0000,  255, 255, 255
L 922.0000, 1028.0000, 0.0000,  892.0000, 1028.0000, 0.0000,  0, 0, 0
L 892.0000, 968.0000, 0.0000,  922.0000, 968.0000, 0.0000,  0, 0, 0
L 892.0000, 1028.0000, 0.0000,  892.0000, 968.0000, 0.0000,  0, 0, 0
L 922.0000, 1028.0000, 0.0000,  922.0000, 998.0000, 0.0000,  0, 0, 0
L 922.0000, 998.0000, 0.0000,  902.0000, 998.0000, 0.0000,  0, 0, 0
L 942.0000, 998.0000, 0.0000,  972.0000, 998.0000, 0.0000,  0, 0, 0
L 942.0000, 1028.0000, 0.0000,  972.0000, 1028.0000, 0.0000,  0, 0, 0
L 942.0000, 968.0000, 0.0000,  942.0000, 1028.0000, 0.0000,  0, 0, 0
L 972.0000, 968.0000, 0.0000,  942.0000, 968.0000, 0.0000,  0, 0, 0
L 1022.0000, 1028.0000, 0.0000,  1022.0000, 968.0000, 0.0000,  0, 0, 0
L 992.0000, 968.0000, 0.0000,  1022.0000, 1028.0000, 0.0000,  0, 0, 0
L 992.0000, 1028.0000, 0.0000,  992.0000, 968.0000, 0.0000,  0, 0, 0
L 1042.0000, 998.0000, 0.0000,  1072.0000, 998.0000, 0.0000,  0, 0, 0
L 1042.0000, 1028.0000, 0.0000,  1072.0000, 1028.0000, 0.0000,  0, 0, 0
L 1042.0000, 968.0000, 0.0000,  1042.0000, 1028.0000, 0.0000,  0, 0, 0
L 1072.0000, 968.0000, 0.0000,  1042.0000, 968.0000, 0.0000,  0, 0, 0
L 1092.0000, 968.0000, 0.0000,  1092.0000, 998.0000, 0.0000,  0, 0, 0
L 1092.0000, 998.0000, 0.0000,  1092.0000, 1028.0000, 0.0000,  0, 0, 0
L 1092.0000, 998.0000, 0.0000,  1112.0000, 998.0000, 0.0000,  0, 0, 0
L 1132.0000, 998.0000, 0.0000,  1132.0000, 968.0000, 0.0000,  0, 0, 0
L 1092.0000, 968.0000, 0.0000,  1132.0000, 968.0000, 0.0000,  0, 0, 0
L 1112.0000, 998.0000, 0.0000,  1132.0000, 998.0000, 0.0000,  0, 0, 0
L 1132.0000, 1028.0000, 0.0000,  1112.0000, 998.0000, 0.0000,  0, 0, 0
L 1162.0000, 998.0000, 0.0000,  1182.0000, 998.0000, 0.0000,  0, 0, 0
L 1172.0000, 968.0000, 0.0000,  1192.0000, 1028.0000, 0.0000,  0, 0, 0
L 1152.0000, 1028.0000, 0.0000,  1172.0000, 968.0000, 0.0000,  0, 0, 0
L 1212.0000, 968.0000, 0.0000,  1212.0000, 1028.0000, 0.0000,  0, 0, 0
L 1252.0000, 1028.0000, 0.0000,  1212.0000, 1028.0000, 0.0000,  0, 0, 0
L 922.0000, 1118.0000, 0.0000,  892.0000, 1118.0000, 0.0000,  0, 0, 255
L 892.0000, 1058.0000, 0.0000,  922.0000, 1058.0000, 0.0000,  0, 0, 255
L 892.0000, 1118.0000, 0.0000,  892.0000, 1058.0000, 0.0000,  0, 0, 255
L 922.0000, 1118.0000, 0.0000,  922.0000, 1088.0000, 0.0000,  0, 0, 255
L 922.0000, 1088.0000, 0.0000,  902.0000, 1088.0000, 0.0000,  0, 0, 255
L 942.0000, 1058.0000, 0.0000,  942.0000, 1088.0000, 0.0000,  0, 0, 255
L 942.0000, 1088.0000, 0.0000,  942.0000, 1118.0000, 0.0000,  0, 0, 255
L 942.0000, 1088.0000, 0.0000,  962.0000, 1088.0000, 0.0000,  0, 0, 255
L 982.0000, 1088.0000, 0.0000,  982.0000, 1058.0000, 0.0000,  0, 0, 255
L 942.0000, 1058.0000, 0.0000,  982.0000, 1058.0000, 0.0000,  0, 0, 255
L 962.0000, 1088.0000, 0.0000,  982.0000, 1088.0000, 0.0000,  0, 0, 255
L 982.0000, 1118.0000, 0.0000,  962.0000, 1088.0000, 0.0000,  0, 0, 255
L 1002.0000, 1058.0000, 0.0000,  1032.0000, 1058.0000, 0.0000,  0, 0, 255
L 1002.0000, 1118.0000, 0.0000,  1032.0000, 1118.0000, 0.0000,  0, 0, 255
L 1002.0000, 1058.0000, 0.0000,  1002.0000, 1118.0000, 0.0000,  0, 0, 255
L 1032.0000, 1058.0000, 0.0000,  1032.0000, 1118.0000, 0.0000,  0, 0, 255
L 1092.0000, 1058.0000, 0.0000,  1092.0000, 1118.0000, 0.0000,  0, 0, 255
L 1052.0000, 1058.0000, 0.0000,  1052.0000, 1118.0000, 0.0000,  0, 0, 255
L 1052.0000, 1118.0000, 0.0000,  1092.0000, 1118.0000, 0.0000,  0, 0, 255
L 1142.0000, 1118.0000, 0.0000,  1142.0000, 1058.0000, 0.0000,  0, 0, 255
L 1112.0000, 1058.0000, 0.0000,  1142.0000, 1118.0000, 0.0000,  0, 0, 255
L 1112.0000, 1118.0000, 0.0000,  1112.0000, 1058.0000, 0.0000,  0, 0, 255
L 1172.0000, 1118.0000, 0.0000,  1172.0000, 1058.0000, 0.0000,  0, 0, 255
L 1182.0000, 1118.0000, 0.0000,  1162.0000, 1118.0000, 0.0000,  0, 0, 255
L 1192.0000, 1088.0000, 0.0000,  1182.0000, 1118.0000, 0.0000,  0, 0, 255
L 1182.0000, 1058.0000, 0.0000,  1192.0000, 1088.0000, 0.0000,  0, 0, 255
L 1162.0000, 1058.0000, 0.0000,  1182.0000, 1058.0000, 0.0000,  0, 0, 255
L 1272.0000, 1058.0000, 0.0000,  1272.0000, 1088.0000, 0.0000,  0, 0, 255
L 1272.0000, 1118.0000, 0.0000,  1312.0000, 1118.0000, 0.0000,  0, 0, 255
L 1312.0000, 1088.0000, 0.0000,  1272.0000, 1088.0000, 0.0000,  0, 0, 255
L 1272.0000, 1058.0000, 0.0000,  1312.0000, 1058.0000, 0.0000,  0, 0, 255
L 1312.0000, 1088.0000, 0.0000,  1312.0000, 1118.0000, 0.0000,  0, 0, 255
L 1362.0000, 1088.0000, 0.0000,  1332.0000, 1088.0000, 0.0000,  0, 0, 255
L 1362.0000, 1058.0000, 0.0000,  1362.0000, 1088.0000, 0.0000,  0, 0, 255
L 1332.0000, 1058.0000, 0.0000,  1362.0000, 1058.0000, 0.0000,  0, 0, 255
L 1332.0000, 1118.0000, 0.0000,  1332.0000, 1058.0000, 0.0000,  0, 0, 255
L 1392.0000, 1088.0000, 0.0000,  1412.0000, 1088.0000, 0.0000,  0, 0, 255
L 1402.0000, 1058.0000, 0.0000,  1422.0000, 1118.0000, 0.0000,  0, 0, 255
L 1382.0000, 1118.0000, 0.0000,  1402.0000, 1058.0000, 0.0000,  0, 0, 255
L 1472.0000, 1118.0000, 0.0000,  1482.0000, 1058.0000, 0.0000,  0, 0, 255
L 1462.0000, 1088.0000, 0.0000,  1472.0000, 1118.0000, 0.0000,  0, 0, 255
L 1452.0000, 1118.0000, 0.0000,  1462.0000, 1088.0000, 0.0000,  0, 0, 255
L 1442.0000, 1058.0000, 0.0000,  1452.0000, 1118.0000, 0.0000,  0, 0, 255
L 1532.0000, 1118.0000, 0.0000,  1532.0000, 1058.0000, 0.0000,  0, 0, 255
L 1502.0000, 1058.0000, 0.0000,  1532.0000, 1118.0000, 0.0000,  0, 0, 255
L 1502.0000, 1118.0000, 0.0000,  1502.0000, 1058.0000, 0.0000,  0, 0, 255
L 922.0000, 1208.0000, 0.0000,  892.0000, 1208.0000, 0.0000,  128, 128, 128
L 892.0000, 1148.0000, 0.0000,  922.0000, 1148.0000, 0.0000,  128, 128, 128
L 892.0000, 1208.0000, 0.0000,  892.0000, 1148.0000, 0.0000,  128, 128, 128
L 922.0000, 1208.0000, 0.0000,  922.0000, 1178.0000, 0.0000,  128, 128, 128
L 922.0000, 1178.0000, 0.0000,  902.0000, 1178.0000, 0.0000,  128, 128, 128
L 982.0000, 1148.0000, 0.0000,  982.0000, 1208.0000, 0.0000,  128, 128, 128
L 942.0000, 1148.0000, 0.0000,  942.0000, 1208.0000, 0.0000,  128, 128, 128
L 942.0000, 1208.0000, 0.0000,  982.0000, 1208.0000, 0.0000,  128, 128, 128
L 1002.0000, 1148.0000, 0.0000,  1002.0000, 1208.0000, 0.0000,  128, 128, 128
L 1022.0000, 1148.0000, 0.0000,  1022.0000, 1208.0000, 0.0000,  128, 128, 128
L 1062.0000, 1208.0000, 0.0000,  1022.0000, 1208.0000, 0.0000,  128, 128, 128
L 1092.0000, 1208.0000, 0.0000,  1092.0000, 1148.0000, 0.0000,  128, 128, 128
L 1102.0000, 1208.0000, 0.0000,  1082.0000, 1208.0000, 0.0000,  128, 128, 128
L 1112.0000, 1178.0000, 0.0000,  1102.0000, 1208.0000, 0.0000,  128, 128, 128
L 1102.0000, 1148.0000, 0.0000,  1112.0000, 1178.0000, 0.0000,  128, 128, 128
L 1082.0000, 1148.0000, 0.0000,  1102.0000, 1148.0000, 0.0000,  128, 128, 128
L 1232.0000, 1148.0000, 0.0000,  1232.0000, 1208.0000, 0.0000,  128, 128, 128
L 1212.0000, 1178.0000, 0.0000,  1232.0000, 1148.0000, 0.0000,  128, 128, 128
L 1192.0000, 1148.0000, 0.0000,  1212.0000, 1178.0000, 0.0000,  128, 128, 128
L 1192.0000, 1208.0000, 0.0000,  1192.0000, 1148.0000, 0.0000,  128, 128, 128
L 1262.0000, 1178.0000, 0.0000,  1282.0000, 1178.0000, 0.0000,  128, 128, 128
L 1272.0000, 1148.0000, 0.0000,  1292.0000, 1208.0000, 0.0000,  128, 128, 128
L 1252.0000, 1208.0000, 0.0000,  1272.0000, 1148.0000, 0.0000,  128, 128, 128
L 1312.0000, 1148.0000, 0.0000,  1312.0000, 1178.0000, 0.0000,  128, 128, 128
L 1312.0000, 1208.0000, 0.0000,  1352.0000, 1208.0000, 0.0000,  128, 128, 128
L 1352.0000, 1178.0000, 0.0000,  1312.0000, 1178.0000, 0.0000,  128, 128, 128
L 1312.0000, 1148.0000, 0.0000,  1352.0000, 1148.0000, 0.0000,  128, 128, 128
L 1352.0000, 1178.0000, 0.0000,  1352.0000, 1208.0000, 0.0000,  128, 128, 128
L 1392.0000, 1148.0000, 0.0000,  1392.0000, 1208.0000, 0.0000,  128, 128, 128
L 1372.0000, 1148.0000, 0.0000,  1412.0000, 1148.0000, 0.0000,  128, 128, 128
L 1432.0000, 1178.0000, 0.0000,  1462.0000, 1178.0000, 0.0000,  128, 128, 128
L 1432.0000, 1208.0000, 0.0000,  1462.0000, 1208.0000, 0.0000,  128, 128, 128
L 1432.0000, 1148.0000, 0.0000,  1432.0000, 1208.0000, 0.0000,  128, 128, 128
L 1462.0000, 1148.0000, 0.0000,  1432.0000, 1148.0000, 0.0000,  128, 128, 128
L 1482.0000, 1148.0000, 0.0000,  1482.0000, 1178.0000, 0.0000,  128, 128, 128
L 1482.0000, 1178.0000, 0.0000,  1482.0000, 1208.0000, 0.0000,  128, 128, 128
L 1482.0000, 1178.0000, 0.0000,  1502.0000, 1178.0000, 0.0000,  128, 128, 128
L 1522.0000, 1178.0000, 0.0000,  1522.0000, 1148.0000, 0.0000,  128, 128, 128
L 1482.0000, 1148.0000, 0.0000,  1522.0000, 1148.0000, 0.0000,  128, 128, 128
L 1502.0000, 1178.0000, 0.0000,  1522.0000, 1178.0000, 0.0000,  128, 128, 128
L 1522.0000, 1208.0000, 0.0000,  1502.0000, 1178.0000, 0.0000,  128, 128, 128
L 892.0000, 1238.0000, 0.0000,  892.0000, 1268.0000, 0.0000,  127, 64, 0
L 932.0000, 1298.0000, 0.0000,  932.0000, 1268.0000, 0.0000,  127, 64, 0
L 892.0000, 1268.0000, 0.0000,  892.0000, 1298.0000, 0.0000,  127, 64, 0
L 932.0000, 1268.0000, 0.0000,  932.0000, 1238.0000, 0.0000,  127, 64, 0
L 892.0000, 1268.0000, 0.0000,  932.0000, 1268.0000, 0.0000,  127, 64, 0
L 992.0000, 1238.0000, 0.0000,  992.0000, 1298.0000, 0.0000,  127, 64, 0
L 952.0000, 1238.0000, 0.0000,  952.0000, 1298.0000, 0.0000,  127, 64, 0
L 952.0000, 1298.0000, 0.0000,  992.0000, 1298.0000, 0.0000,  127, 64, 0
L 1042.0000, 1298.0000, 0.0000,  1042.0000, 1238.0000, 0.0000,  127, 64, 0
L 1012.0000, 1238.0000, 0.0000,  1042.0000, 1298.0000, 0.0000,  127, 64, 0
L 1012.0000, 1298.0000, 0.0000,  1012.0000, 1238.0000, 0.0000,  127, 64, 0
L 1082.0000, 1238.0000, 0.0000,  1082.0000, 1298.0000, 0.0000,  127, 64, 0
L 1062.0000, 1238.0000, 0.0000,  1102.0000, 1238.0000, 0.0000,  127, 64, 0
L 1122.0000, 1268.0000, 0.0000,  1152.0000, 1268.0000, 0.0000,  127, 64, 0
L 1122.0000, 1298.0000, 0.0000,  1152.0000, 1298.0000, 0.0000,  127, 64, 0
L 1122.0000, 1238.0000, 0.0000,  1122.0000, 1298.0000, 0.0000,  127, 64, 0
L 1152.0000, 1238.0000, 0.0000,  1122.0000, 1238.0000, 0.0000,  127, 64, 0
L 1172.0000, 1238.0000, 0.0000,  1172.0000, 1268.0000, 0.0000,  127, 64, 0
L 1172.0000, 1268.0000, 0.0000,  1172.0000, 1298.0000, 0.0000,  127, 64, 0
L 1172.0000, 1268.0000, 0.0000,  1192.0000, 1268.0000, 0.0000,  127, 64, 0
L 1212.0000, 1268.0000, 0.0000,  1212.0000, 1238.0000, 0.0000,  127, 64, 0
L 1172.0000, 1238.0000, 0.0000,  1212.0000, 1238.0000, 0.0000,  127, 64, 0
L 1192.0000, 1268.0000, 0.0000,  1212.0000, 1268.0000, 0.0000,  127, 64, 0
L 1212.0000, 1298.0000, 0.0000,  1192.0000, 1268.0000, 0.0000,  127, 64, 0
L 932.0000, 1328.0000, 0.0000,  932.0000, 1388.0000, 0.0000,  0, 127, 0
L 912.0000, 1358.0000, 0.0000,  932.0000, 1328.0000, 0.0000,  0, 127, 0
L 892.0000, 1328.0000, 0.0000,  912.0000, 1358.0000, 0.0000,  0, 127, 0
L 892.0000, 1388.0000, 0.0000,  892.0000, 1328.0000, 0.0000,  0, 127, 0
L 952.0000, 1358.0000, 0.0000,  982.0000, 1358.0000, 0.0000,  0, 127, 0
L 952.0000, 1388.0000, 0.0000,  982.0000, 1388.0000, 0.0000,  0, 127, 0
L 952.0000, 1328.0000, 0.0000,  952.0000, 1388.0000, 0.0000,  0, 127, 0
L 982.0000, 1328.0000, 0.0000,  952.0000, 1328.0000, 0.0000,  0, 127, 0
L 1002.0000, 1328.0000, 0.0000,  1002.0000, 1358.0000, 0.0000,  0, 127, 0
L 1002.0000, 1358.0000, 0.0000,  1002.0000, 1388.0000, 0.0000,  0, 127, 0
L 1002.0000, 1358.0000, 0.0000,  1022.0000, 1358.0000, 0.0000,  0, 127, 0
L 1042.0000, 1358.0000, 0.0000,  1042.0000, 1328.0000, 0.0000,  0, 127, 0
L 1002.0000, 1328.0000, 0.0000,  1042.0000, 1328.0000, 0.0000,  0, 127, 0
L 1022.0000, 1358.0000, 0.0000,  1042.0000, 1358.0000, 0.0000,  0, 127, 0
L 1042.0000, 1388.0000, 0.0000,  1022.0000, 1358.0000, 0.0000,  0, 127, 0
L 1092.0000, 1388.0000, 0.0000,  1062.0000, 1388.0000, 0.0000,  0, 127, 0
L 1062.0000, 1328.0000, 0.0000,  1092.0000, 1328.0000, 0.0000,  0, 127, 0
L 1062.0000, 1388.0000, 0.0000,  1062.0000, 1328.0000, 0.0000,  0, 127, 0
L 1112.0000, 1328.0000, 0.0000,  1112.0000, 1358.0000, 0.0000,  0, 127, 0
L 1152.0000, 1388.0000, 0.0000,  1152.0000, 1358.0000, 0.0000,  0, 127, 0
L 1112.0000, 1358.0000, 0.0000,  1112.0000, 1388.0000, 0.0000,  0, 127, 0
L 1152.0000, 1358.0000, 0.0000,  1152.0000, 1328.0000, 0.0000,  0, 127, 0
L 1112.0000, 1358.0000, 0.0000,  1152.0000, 1358.0000, 0.0000,  0, 127, 0
L 1182.0000, 1358.0000, 0.0000,  1202.0000, 1358.0000, 0.0000,  0, 127, 0
L 1192.0000, 1328.0000, 0.0000,  1212.0000, 1388.0000, 0.0000,  0, 127, 0
L 1172.0000, 1388.0000, 0.0000,  1192.0000, 1328.0000, 0.0000,  0, 127, 0
L 1262.0000, 1388.0000, 0.0000,  1262.0000, 1328.0000, 0.0000,  0, 127, 0
L 1232.0000, 1328.0000, 0.0000,  1262.0000, 1388.0000, 0.0000,  0, 127, 0
L 1232.0000, 1388.0000, 0.0000,  1232.0000, 1328.0000, 0.0000,  0, 127, 0
L 1302.0000, 1328.0000, 0.0000,  1302.0000, 1388.0000, 0.0000,  0, 127, 0
L 1282.0000, 1328.0000, 0.0000,  1322.0000, 1328.0000, 0.0000,  0, 127, 0
L 932.0000, 1418.0000, 0.0000,  932.0000, 1478.0000, 0.0000,  0, 127, 127
L 912.0000, 1448.0000, 0.0000,  932.0000, 1418.0000, 0.0000,  0, 127, 127
L 892.0000, 1418.0000, 0.0000,  912.0000, 1448.0000, 0.0000,  0, 127, 127
L 892.0000, 1478.0000, 0.0000,  892.0000, 1418.0000, 0.0000,  0, 127, 127
L 952.0000, 1418.0000, 0.0000,  952.0000, 1478.0000, 0.0000,  0, 127, 127
L 972.0000, 1418.0000, 0.0000,  972.0000, 1448.0000, 0.0000,  0, 127, 127
L 972.0000, 1478.0000, 0.0000,  1012.0000, 1478.0000, 0.0000,  0, 127, 127
L 1012.0000, 1448.0000, 0.0000,  972.0000, 1448.0000, 0.0000,  0, 127, 127
L 972.0000, 1418.0000, 0.0000,  1012.0000, 1418.0000, 0.0000,  0, 127, 127
L 1012.0000, 1448.0000, 0.0000,  1012.0000, 1478.0000, 0.0000,  0, 127, 127
L 1032.0000, 1418.0000, 0.0000,  1032.0000, 1448.0000, 0.0000,  0, 127, 127
L 1032.0000, 1478.0000, 0.0000,  1072.0000, 1478.0000, 0.0000,  0, 127, 127
L 1072.0000, 1448.0000, 0.0000,  1032.0000, 1448.0000, 0.0000,  0, 127, 127
L 1032.0000, 1418.0000, 0.0000,  1072.0000, 1418.0000, 0.0000,  0, 127, 127
L 1072.0000, 1448.0000, 0.0000,  1072.0000, 1478.0000, 0.0000,  0, 127, 127
L 1092.0000, 1418.0000, 0.0000,  1092.0000, 1478.0000, 0.0000,  0, 127, 127
L 1112.0000, 1418.0000, 0.0000,  1142.0000, 1418.0000, 0.0000,  0, 127, 127
L 1112.0000, 1478.0000, 0.0000,  1142.0000, 1478.0000, 0.0000,  0, 127, 127
L 1112.0000, 1418.0000, 0.0000,  1112.0000, 1478.0000, 0.0000,  0, 127, 127
L 1142.0000, 1418.0000, 0.0000,  1142.0000, 1478.0000, 0.0000,  0, 127, 127
L 1192.0000, 1478.0000, 0.0000,  1192.0000, 1418.0000, 0.0000,  0, 127, 127
L 1162.0000, 1418.0000, 0.0000,  1192.0000, 1478.0000, 0.0000,  0, 127, 127
L 1162.0000, 1478.0000, 0.0000,  1162.0000, 1418.0000, 0.0000,  0, 127, 127
L 922.0000, 1568.0000, 0.0000,  922.0000, 1508.0000, 0.0000,  127, 64, 0
L 892.0000, 1508.0000, 0.0000,  922.0000, 1568.0000, 0.0000,  127, 64, 0
L 892.0000, 1568.0000, 0.0000,  892.0000, 1508.0000, 0.0000,  127, 64, 0
L 952.0000, 1538.0000, 0.0000,  972.0000, 1538.0000, 0.0000,  127, 64, 0
L 962.0000, 1508.0000, 0.0000,  982.0000, 1568.0000, 0.0000,  127, 64, 0
L 942.0000, 1568.0000, 0.0000,  962.0000, 1508.0000, 0.0000,  127, 64, 0
L 1042.0000, 1508.0000, 0.0000,  1042.0000, 1568.0000, 0.0000,  127, 64, 0
L 1022.0000, 1538.0000, 0.0000,  1042.0000, 1508.0000, 0.0000,  127, 64, 0
L 1002.0000, 1508.0000, 0.0000,  1022.0000, 1538.0000, 0.0000,  127, 64, 0
L 1002.0000, 1568.0000, 0.0000,  1002.0000, 1508.0000, 0.0000,  127, 64, 0
L 1062.0000, 1538.0000, 0.0000,  1092.0000, 1538.0000, 0.0000,  127, 64, 0
L 1062.0000, 1568.0000, 0.0000,  1092.0000, 1568.0000, 0.0000,  127, 64, 0
L 1062.0000, 1508.0000, 0.0000,  1062.0000, 1568.0000, 0.0000,  127, 64, 0
L 1092.0000, 1508.0000, 0.0000,  1062.0000, 1508.0000, 0.0000,  127, 64, 0
L 1122.0000, 1568.0000, 0.0000,  1122.0000, 1508.0000, 0.0000,  127, 64, 0
L 1132.0000, 1568.0000, 0.0000,  1112.0000, 1568.0000, 0.0000,  127, 64, 0
L 1142.0000, 1538.0000, 0.0000,  1132.0000, 1568.0000, 0.0000,  127, 64, 0
L 1132.0000, 1508.0000, 0.0000,  1142.0000, 1538.0000, 0.0000,  127, 64, 0
L 1112.0000, 1508.0000, 0.0000,  1132.0000, 1508.0000, 0.0000,  127, 64, 0
L 922.0000, 1628.0000, 0.0000,  892.0000, 1628.0000, 0.0000,  0, 255, 0
L 922.0000, 1598.0000, 0.0000,  922.0000, 1628.0000, 0.0000,  0, 255, 0
L 892.0000, 1598.0000, 0.0000,  922.0000, 1598.0000, 0.0000,  0, 255, 0
L 892.0000, 1658.0000, 0.0000,  892.0000, 1598.0000, 0.0000,  0, 255, 0
L 952.0000, 1628.0000, 0.0000,  972.0000, 1628.0000, 0.0000,  0, 255, 0
L 962.0000, 1598.0000, 0.0000,  982.0000, 1658.0000, 0.0000,  0, 255, 0
L 942.0000, 1658.0000, 0.0000,  962.0000, 1598.0000, 0.0000,  0, 255, 0
L 1002.0000, 1598.0000, 0.0000,  1002.0000, 1628.0000, 0.0000,  0, 255, 0
L 1002.0000, 1628.0000, 0.0000,  1002.0000, 1658.0000, 0.0000,  0, 255, 0
L 1002.0000, 1628.0000, 0.0000,  1022.0000, 1628.0000, 0.0000,  0, 255, 0
L 1042.0000, 1628.0000, 0.0000,  1042.0000, 1598.0000, 0.0000,  0, 255, 0
L 1002.0000, 1598.0000, 0.0000,  1042.0000, 1598.0000, 0.0000,  0, 255, 0
L 1022.0000, 1628.0000, 0.0000,  1042.0000, 1628.0000, 0.0000,  0, 255, 0
L 1042.0000, 1658.0000, 0.0000,  1022.0000, 1628.0000, 0.0000,  0, 255, 0
L 1092.0000, 1658.0000, 0.0000,  1062.0000, 1658.0000, 0.0000,  0, 255, 0
L 1062.0000, 1598.0000, 0.0000,  1092.0000, 1598.0000, 0.0000,  0, 255, 0
L 1062.0000, 1658.0000, 0.0000,  1062.0000, 1598.0000, 0.0000,  0, 255, 0
L 1112.0000, 1628.0000, 0.0000,  1142.0000, 1628.0000, 0.0000,  0, 255, 0
L 1112.0000, 1658.0000, 0.0000,  1142.0000, 1658.0000, 0.0000,  0, 255, 0
L 1112.0000, 1598.0000, 0.0000,  1112.0000, 1658.0000, 0.0000,  0, 255, 0
L 1142.0000, 1598.0000, 0.0000,  1112.0000, 1598.0000, 0.0000,  0, 255, 0
L 1162.0000, 1598.0000, 0.0000,  1162.0000, 1658.0000, 0.0000,  0, 255, 0
L 1202.0000, 1658.0000, 0.0000,  1162.0000, 1658.0000, 0.0000,  0, 255, 0
L 1222.0000, 1598.0000, 0.0000,  1222.0000, 1628.0000, 0.0000,  0, 255, 0
L 1222.0000, 1658.0000, 0.0000,  1262.0000, 1658.0000, 0.0000,  0, 255, 0
L 1262.0000, 1628.0000, 0.0000,  1222.0000, 1628.0000, 0.0000,  0, 255, 0
L 1222.0000, 1598.0000, 0.0000,  1262.0000, 1598.0000, 0.0000,  0, 255, 0
L 1262.0000, 1628.0000, 0.0000,  1262.0000, 1658.0000, 0.0000,  0, 255, 0
L 892.0000, 1688.0000, 0.0000,  892.0000, 1718.0000, 0.0000,  0, 240, 240
L 892.0000, 1718.0000, 0.0000,  892.0000, 1748.0000, 0.0000,  0, 240, 240
L 892.0000, 1718.0000, 0.0000,  912.0000, 1718.0000, 0.0000,  0, 240, 240
L 932.0000, 1718.0000, 0.0000,  932.0000, 1688.0000, 0.0000,  0, 240, 240
L 892.0000, 1688.0000, 0.0000,  932.0000, 1688.0000, 0.0000,  0, 240, 240
L 912.0000, 1718.0000, 0.0000,  932.0000, 1718.0000, 0.0000,  0, 240, 240
L 932.0000, 1748.0000, 0.0000,  912.0000, 1718.0000, 0.0000,  0, 240, 240
L 962.0000, 1718.0000, 0.0000,  982.0000, 1718.0000, 0.0000,  0, 240, 240
L 972.0000, 1688.0000, 0.0000,  992.0000, 1748.0000, 0.0000,  0, 240, 240
L 952.0000, 1748.0000, 0.0000,  972.0000, 1688.0000, 0.0000,  0, 240, 240
L 1012.0000, 1688.0000, 0.0000,  1012.0000, 1748.0000, 0.0000,  0, 240, 240
L 1042.0000, 1748.0000, 0.0000,  1042.0000, 1688.0000, 0.0000,  0, 240, 240
L 1052.0000, 1748.0000, 0.0000,  1032.0000, 1748.0000, 0.0000,  0, 240, 240
L 1062.0000, 1718.0000, 0.0000,  1052.0000, 1748.0000, 0.0000,  0, 240, 240
L 1052.0000, 1688.0000, 0.0000,  1062.0000, 1718.0000, 0.0000,  0, 240, 240
L 1032.0000, 1688.0000, 0.0000,  1052.0000, 1688.0000, 0.0000,  0, 240, 240
L 892.0000, 1778.0000, 0.0000,  892.0000, 1808.0000, 0.0000,  0, 255, 0
L 892.0000, 1838.0000, 0.0000,  932.0000, 1838.0000, 0.0000,  0, 255, 0
L 932.0000, 1808.0000, 0.0000,  892.0000, 1808.0000, 0.0000,  0, 255, 0
L 892.0000, 1778.0000, 0.0000,  932.0000, 1778.0000, 0.0000,  0, 255, 0
L 932.0000, 1808.0000, 0.0000,  932.0000, 1838.0000, 0.0000,  0, 255, 0
L 982.0000, 1808.0000, 0.0000,  952.0000, 1808.0000, 0.0000,  0, 255, 0
L 982.0000, 1778.0000, 0.0000,  982.0000, 1808.0000, 0.0000,  0, 255, 0
L 952.0000, 1778.0000, 0.0000,  982.0000, 1778.0000, 0.0000,  0, 255, 0
L 952.0000, 1838.0000, 0.0000,  952.0000, 1778.0000, 0.0000,  0, 255, 0
L 1002.0000, 1808.0000, 0.0000,  1032.0000, 1808.0000, 0.0000,  0, 255, 0
L 1002.0000, 1838.0000, 0.0000,  1032.0000, 1838.0000, 0.0000,  0, 255, 0
L 1002.0000, 1778.0000, 0.0000,  1002.0000, 1838.0000, 0.0000,  0, 255, 0
L 1032.0000, 1778.0000, 0.0000,  1002.0000, 1778.0000, 0.0000,  0, 255, 0
L 1082.0000, 1838.0000, 0.0000,  1052.0000, 1838.0000, 0.0000,  0, 255, 0
L 1052.0000, 1778.0000, 0.0000,  1082.0000, 1778.0000, 0.0000,  0, 255, 0
L 1052.0000, 1838.0000, 0.0000,  1052.0000, 1778.0000, 0.0000,  0, 255, 0
L 1102.0000, 1778.0000, 0.0000,  1102.0000, 1838.0000, 0.0000,  0, 255, 0
L 1132.0000, 1808.0000, 0.0000,  1152.0000, 1808.0000, 0.0000,  0, 255, 0
L 1142.0000, 1778.0000, 0.0000,  1162.0000, 1838.0000, 0.0000,  0, 255, 0
L 1122.0000, 1838.0000, 0.0000,  1142.0000, 1778.0000, 0.0000,  0, 255, 0
L 1182.0000, 1778.0000, 0.0000,  1182.0000, 1838.0000, 0.0000,  0, 255, 0
L 1222.0000, 1838.0000, 0.0000,  1182.0000, 1838.0000, 0.0000,  0, 255, 0
L 1332.0000, 1838.0000, 0.0000,  1302.0000, 1838.0000, 0.0000,  0, 255, 0
L 1302.0000, 1778.0000, 0.0000,  1332.0000, 1778.0000, 0.0000,  0, 255, 0
L 1302.0000, 1838.0000, 0.0000,  1302.0000, 1778.0000, 0.0000,  0, 255, 0
L 1392.0000, 1778.0000, 0.0000,  1392.0000, 1838.0000, 0.0000,  0, 255, 0
L 1352.0000, 1778.0000, 0.0000,  1352.0000, 1838.0000, 0.0000,  0, 255, 0
L 1352.0000, 1838.0000, 0.0000,  1392.0000, 1838.0000, 0.0000,  0, 255, 0
L 1412.0000, 1778.0000, 0.0000,  1412.0000, 1808.0000, 0.0000,  0, 255, 0
L 1412.0000, 1808.0000, 0.0000,  1412.0000, 1838.0000, 0.0000,  0, 255, 0
L 1412.0000, 1808.0000, 0.0000,  1432.0000, 1808.0000, 0.0000,  0, 255, 0
L 1452.0000, 1808.0000, 0.0000,  1452.0000, 1778.0000, 0.0000,  0, 255, 0
L 1412.0000, 1778.0000, 0.0000,  1452.0000, 1778.0000, 0.0000,  0, 255, 0
L 1432.0000, 1808.0000, 0.0000,  1452.0000, 1808.0000, 0.0000,  0, 255, 0
L 1452.0000, 1838.0000, 0.0000,  1432.0000, 1808.0000, 0.0000,  0, 255, 0
L 1472.0000, 1778.0000, 0.0000,  1472.0000, 1808.0000, 0.0000,  0, 255, 0
L 1472.0000, 1808.0000, 0.0000,  1472.0000, 1838.0000, 0.0000,  0, 255, 0
L 1472.0000, 1808.0000, 0.0000,  1492.0000, 1808.0000, 0.0000,  0, 255, 0
L 1512.0000, 1808.0000, 0.0000,  1512.0000, 1778.0000, 0.0000,  0, 255, 0
L 1472.0000, 1778.0000, 0.0000,  1512.0000, 1778.0000, 0.0000,  0, 255, 0
L 1492.0000, 1808.0000, 0.0000,  1512.0000, 1808.0000, 0.0000,  0, 255, 0
L 1512.0000, 1838.0000, 0.0000,  1492.0000, 1808.0000, 0.0000,  0, 255, 0
L 1532.0000, 1808.0000, 0.0000,  1562.0000, 1808.0000, 0.0000,  0, 255, 0
L 1532.0000, 1838.0000, 0.0000,  1562.0000, 1838.0000, 0.0000,  0, 255, 0
L 1532.0000, 1778.0000, 0.0000,  1532.0000, 1838.0000, 0.0000,  0, 255, 0
L 1562.0000, 1778.0000, 0.0000,  1532.0000, 1778.0000, 0.0000,  0, 255, 0
L 1612.0000, 1838.0000, 0.0000,  1612.0000, 1778.0000, 0.0000,  0, 255, 0
L 1582.0000, 1778.0000, 0.0000,  1612.0000, 1838.0000, 0.0000,  0, 255, 0
L 1582.0000, 1838.0000, 0.0000,  1582.0000, 1778.0000, 0.0000,  0, 255, 0
L 1662.0000, 1838.0000, 0.0000,  1632.0000, 1838.0000, 0.0000,  0, 255, 0
L 1632.0000, 1778.0000, 0.0000,  1662.0000, 1778.0000, 0.0000,  0, 255, 0
L 1632.0000, 1838.0000, 0.0000,  1632.0000, 1778.0000, 0.0000,  0, 255, 0
L 1702.0000, 1808.0000, 0.0000,  1702.0000, 1838.0000, 0.0000,  0, 255, 0
L 1702.0000, 1808.0000, 0.0000,  1722.0000, 1778.0000, 0.0000,  0, 255, 0
L 1682.0000, 1778.0000, 0.0000,  1702.0000, 1808.0000, 0.0000,  0, 255, 0
L 892.0000, 1868.0000, 0.0000,  892.0000, 1898.0000, 0.0000,  255, 0, 0
L 892.0000, 1928.0000, 0.0000,  932.0000, 1928.0000, 0.0000,  255, 0, 0
L 932.0000, 1898.0000, 0.0000,  892.0000, 1898.0000, 0.0000,  255, 0, 0
L 892.0000, 1868.0000, 0.0000,  932.0000, 1868.0000, 0.0000,  255, 0, 0
L 932.0000, 1898.0000, 0.0000,  932.0000, 1928.0000, 0.0000,  255, 0, 0
L 992.0000, 1868.0000, 0.0000,  992.0000, 1928.0000, 0.0000,  255, 0, 0
L 952.0000, 1868.0000, 0.0000,  952.0000, 1928.0000, 0.0000,  255, 0, 0
L 952.0000, 1928.0000, 0.0000,  992.0000, 1928.0000, 0.0000,  255, 0, 0
L 1042.0000, 1928.0000, 0.0000,  1012.0000, 1928.0000, 0.0000,  255, 0, 0
L 1012.0000, 1868.0000, 0.0000,  1042.0000, 1868.0000, 0.0000,  255, 0, 0
L 1012.0000, 1928.0000, 0.0000,  1012.0000, 1868.0000, 0.0000,  255, 0, 0
L 1092.0000, 1928.0000, 0.0000,  1062.0000, 1928.0000, 0.0000,  255, 0, 0
L 1062.0000, 1868.0000, 0.0000,  1092.0000, 1868.0000, 0.0000,  255, 0, 0
L 1062.0000, 1928.0000, 0.0000,  1062.0000, 1868.0000, 0.0000,  255, 0, 0
L 1112.0000, 1868.0000, 0.0000,  1142.0000, 1868.0000, 0.0000,  255, 0, 0
L 1112.0000, 1928.0000, 0.0000,  1142.0000, 1928.0000, 0.0000,  255, 0, 0
L 1112.0000, 1868.0000, 0.0000,  1112.0000, 1928.0000, 0.0000,  255, 0, 0
L 1142.0000, 1868.0000, 0.0000,  1142.0000, 1928.0000, 0.0000,  255, 0, 0
L 1162.0000, 1868.0000, 0.0000,  1162.0000, 1898.0000, 0.0000,  255, 0, 0
L 1162.0000, 1898.0000, 0.0000,  1162.0000, 1928.0000, 0.0000,  255, 0, 0
L 1162.0000, 1898.0000, 0.0000,  1182.0000, 1898.0000, 0.0000,  255, 0, 0
L 1202.0000, 1898.0000, 0.0000,  1202.0000, 1868.0000, 0.0000,  255, 0, 0
L 1162.0000, 1868.0000, 0.0000,  1202.0000, 1868.0000, 0.0000,  255, 0, 0
L 1182.0000, 1898.0000, 0.0000,  1202.0000, 1898.0000, 0.0000,  255, 0, 0
L 1202.0000, 1928.0000, 0.0000,  1182.0000, 1898.0000, 0.0000,  255, 0, 0
L 912.0000, 1958.0000, 0.0000,  912.0000, 2018.0000, 0.0000,  255, 255, 0
L 892.0000, 1958.0000, 0.0000,  932.0000, 1958.0000, 0.0000,  255, 255, 0
L 952.0000, 1988.0000, 0.0000,  982.0000, 1988.0000, 0.0000,  255, 255, 0
L 952.0000, 2018.0000, 0.0000,  982.0000, 2018.0000, 0.0000,  255, 255, 0
L 952.0000, 1958.0000, 0.0000,  952.0000, 2018.0000, 0.0000,  255, 255, 0
L 982.0000, 1958.0000, 0.0000,  952.0000, 1958.0000, 0.0000,  255, 255, 0
L 1002.0000, 1958.0000, 0.0000,  1002.0000, 2018.0000, 0.0000,  255, 255, 0
L 1042.0000, 2018.0000, 0.0000,  1002.0000, 2018.0000, 0.0000,  255, 255, 0
L 1062.0000, 1988.0000, 0.0000,  1092.0000, 1988.0000, 0.0000,  255, 255, 0
L 1062.0000, 2018.0000, 0.0000,  1092.0000, 2018.0000, 0.0000,  255, 255, 0
L 1062.0000, 1958.0000, 0.0000,  1062.0000, 2018.0000, 0.0000,  255, 255, 0
L 1092.0000, 1958.0000, 0.0000,  1062.0000, 1958.0000, 0.0000,  255, 255, 0
L 1142.0000, 1988.0000, 0.0000,  1112.0000, 1988.0000, 0.0000,  255, 255, 0
L 1142.0000, 1958.0000, 0.0000,  1142.0000, 1988.0000, 0.0000,  255, 255, 0
L 1112.0000, 1958.0000, 0.0000,  1142.0000, 1958.0000, 0.0000,  255, 255, 0
L 1112.0000, 2018.0000, 0.0000,  1112.0000, 1958.0000, 0.0000,  255, 255, 0
L 1162.0000, 1958.0000, 0.0000,  1192.0000, 1958.0000, 0.0000,  255, 255, 0
L 1162.0000, 2018.0000, 0.0000,  1192.0000, 2018.0000, 0.0000,  255, 255, 0
L 1162.0000, 1958.0000, 0.0000,  1162.0000, 2018.0000, 0.0000,  255, 255, 0
L 1192.0000, 1958.0000, 0.0000,  1192.0000, 2018.0000, 0.0000,  255, 255, 0
L 1212.0000, 1958.0000, 0.0000,  1212.0000, 1988.0000, 0.0000,  255, 255, 0
L 1212.0000, 1988.0000, 0.0000,  1212.0000, 2018.0000, 0.0000,  255, 255, 0
L 1212.0000, 1988.0000, 0.0000,  1232.0000, 1988.0000, 0.0000,  255, 255, 0
L 1252.0000, 1988.0000, 0.0000,  1252.0000, 1958.0000, 0.0000,  255, 255, 0
L 1212.0000, 1958.0000, 0.0000,  1252.0000, 1958.0000, 0.0000,  255, 255, 0
L 1232.0000, 1988.0000, 0.0000,  1252.0000, 1988.0000, 0.0000,  255, 255, 0
L 1252.0000, 2018.0000, 0.0000,  1232.0000, 1988.0000, 0.0000,  255, 255, 0
L 1292.0000, 1958.0000, 0.0000,  1292.0000, 2018.0000, 0.0000,  255, 255, 0
L 1272.0000, 1958.0000, 0.0000,  1312.0000, 1958.0000, 0.0000,  255, 255, 0
L 912.0000, 2048.0000, 0.0000,  912.0000, 2108.0000, 0.0000,  128, 0, 128
L 892.0000, 2048.0000, 0.0000,  932.0000, 2048.0000, 0.0000,  128, 0, 128
L 952.0000, 2048.0000, 0.0000,  952.0000, 2078.0000, 0.0000,  128, 0, 128
L 952.0000, 2078.0000, 0.0000,  952.0000, 2108.0000, 0.0000,  128, 0, 128
L 952.0000, 2078.0000, 0.0000,  972.0000, 2078.0000, 0.0000,  128, 0, 128
L 992.0000, 2078.0000, 0.0000,  992.0000, 2048.0000, 0.0000,  128, 0, 128
L 952.0000, 2048.0000, 0.0000,  992.0000, 2048.0000, 0.0000,  128, 0, 128
L 972.0000, 2078.0000, 0.0000,  992.0000, 2078.0000, 0.0000,  128, 0, 128
L 992.0000, 2108.0000, 0.0000,  972.0000, 2078.0000, 0.0000,  128, 0, 128
L 1022.0000, 2078.0000, 0.0000,  1042.0000, 2078.0000, 0.0000,  128, 0, 128
L 1032.0000, 2048.0000, 0.0000,  1052.0000, 2108.0000, 0.0000,  128, 0, 128
L 1012.0000, 2108.0000, 0.0000,  1032.0000, 2048.0000, 0.0000,  128, 0, 128
L 1082.0000, 2108.0000, 0.0000,  1082.0000, 2048.0000, 0.0000,  128, 0, 128
L 1092.0000, 2108.0000, 0.0000,  1072.0000, 2108.0000, 0.0000,  128, 0, 128
L 1102.0000, 2078.0000, 0.0000,  1092.0000, 2108.0000, 0.0000,  128, 0, 128
L 1092.0000, 2048.0000, 0.0000,  1102.0000, 2078.0000, 0.0000,  128, 0, 128
L 1072.0000, 2048.0000, 0.0000,  1092.0000, 2048.0000, 0.0000,  128, 0, 128
L 1122.0000, 2078.0000, 0.0000,  1152.0000, 2078.0000, 0.0000,  128, 0, 128
L 1122.0000, 2108.0000, 0.0000,  1152.0000, 2108.0000, 0.0000,  128, 0, 128
L 1122.0000, 2048.0000, 0.0000,  1122.0000, 2108.0000, 0.0000,  128, 0, 128
L 1152.0000, 2048.0000, 0.0000,  1122.0000, 2048.0000, 0.0000,  128, 0, 128
L 1172.0000, 2048.0000, 0.0000,  1172.0000, 2078.0000, 0.0000,  128, 0, 128
L 1172.0000, 2108.0000, 0.0000,  1212.0000, 2108.0000, 0.0000,  128, 0, 128
L 1212.0000, 2078.0000, 0.0000,  1172.0000, 2078.0000, 0.0000,  128, 0, 128
L 1172.0000, 2048.0000, 0.0000,  1212.0000, 2048.0000, 0.0000,  128, 0, 128
L 1212.0000, 2078.0000, 0.0000,  1212.0000, 2108.0000, 0.0000,  128, 0, 128
L 1232.0000, 2048.0000, 0.0000,  1232.0000, 2078.0000, 0.0000,  128, 0, 128
L 1232.0000, 2078.0000, 0.0000,  1232.0000, 2108.0000, 0.0000,  128, 0, 128
L 1232.0000, 2078.0000, 0.0000,  1272.0000, 2108.0000, 0.0000,  128, 0, 128
L 1232.0000, 2078.0000, 0.0000,  1272.0000, 2048.0000, 0.0000,  128, 0, 128
L 1292.0000, 2048.0000, 0.0000,  1292.0000, 2108.0000, 0.0000,  128, 0, 128
L 1312.0000, 2048.0000, 0.0000,  1312.0000, 2108.0000, 0.0000,  128, 0, 128
L 1352.0000, 2108.0000, 0.0000,  1312.0000, 2108.0000, 0.0000,  128, 0, 128
L 1372.0000, 2048.0000, 0.0000,  1372.0000, 2108.0000, 0.0000,  128, 0, 128
L 1412.0000, 2108.0000, 0.0000,  1372.0000, 2108.0000, 0.0000,  128, 0, 128
L 1522.0000, 2108.0000, 0.0000,  1492.0000, 2108.0000, 0.0000,  128, 0, 128
L 1492.0000, 2048.0000, 0.0000,  1522.0000, 2048.0000, 0.0000,  128, 0, 128
L 1492.0000, 2108.0000, 0.0000,  1492.0000, 2048.0000, 0.0000,  128, 0, 128
L 1542.0000, 2048.0000, 0.0000,  1572.0000, 2048.0000, 0.0000,  128, 0, 128
L 1542.0000, 2108.0000, 0.0000,  1572.0000, 2108.0000, 0.0000,  128, 0, 128
L 1542.0000, 2048.0000, 0.0000,  1542.0000, 2108.0000, 0.0000,  128, 0, 128
L 1572.0000, 2048.0000, 0.0000,  1572.0000, 2108.0000, 0.0000,  128, 0, 128
L 1622.0000, 2108.0000, 0.0000,  1622.0000, 2048.0000, 0.0000,  128, 0, 128
L 1592.0000, 2048.0000, 0.0000,  1622.0000, 2108.0000, 0.0000,  128, 0, 128
L 1592.0000, 2108.0000, 0.0000,  1592.0000, 2048.0000, 0.0000,  128, 0, 128
L 1662.0000, 2048.0000, 0.0000,  1662.0000, 2108.0000, 0.0000,  128, 0, 128
L 1642.0000, 2048.0000, 0.0000,  1682.0000, 2048.0000, 0.0000,  128, 0, 128
L 1712.0000, 2078.0000, 0.0000,  1732.0000, 2078.0000, 0.0000,  128, 0, 128
L 1722.0000, 2048.0000, 0.0000,  1742.0000, 2108.0000, 0.0000,  128, 0, 128
L 1702.0000, 2108.0000, 0.0000,  1722.0000, 2048.0000, 0.0000,  128, 0, 128
L 1762.0000, 2048.0000, 0.0000,  1762.0000, 2108.0000, 0.0000,  128, 0, 128
L 1812.0000, 2108.0000, 0.0000,  1812.0000, 2048.0000, 0.0000,  128, 0, 128
L 1782.0000, 2048.0000, 0.0000,  1812.0000, 2108.0000, 0.0000,  128, 0, 128
L 1782.0000, 2108.0000, 0.0000,  1782.0000, 2048.0000, 0.0000,  128, 0, 128
L 1832.0000, 2078.0000, 0.0000,  1862.0000, 2078.0000, 0.0000,  128, 0, 128
L 1832.0000, 2108.0000, 0.0000,  1862.0000, 2108.0000, 0.0000,  128, 0, 128
L 1832.0000, 2048.0000, 0.0000,  1832.0000, 2108.0000, 0.0000,  128, 0, 128
L 1862.0000, 2048.0000, 0.0000,  1832.0000, 2048.0000, 0.0000,  128, 0, 128
L 1882.0000, 2048.0000, 0.0000,  1882.0000, 2078.0000, 0.0000,  128, 0, 128
L 1882.0000, 2078.0000, 0.0000,  1882.0000, 2108.0000, 0.0000,  128, 0, 128
L 1882.0000, 2078.0000, 0.0000,  1902.0000, 2078.0000, 0.0000,  128, 0, 128
L 1922.0000, 2078.0000, 0.0000,  1922.0000, 2048.0000, 0.0000,  128, 0, 128
L 1882.0000, 2048.0000, 0.0000,  1922.0000, 2048.0000, 0.0000,  128, 0, 128
L 1902.0000, 2078.0000, 0.0000,  1922.0000, 2078.0000, 0.0000,  128, 0, 128
L 1922.0000, 2108.0000, 0.0000,  1902.0000, 2078.0000, 0.0000,  128, 0, 128
L 912.0000, 2138.0000, 0.0000,  912.0000, 2198.0000, 0.0000,  255, 255, 0
L 892.0000, 2138.0000, 0.0000,  932.0000, 2138.0000, 0.0000,  255, 255, 0
L 952.0000, 2138.0000, 0.0000,  952.0000, 2168.0000, 0.0000,  255, 255, 0
L 952.0000, 2168.0000, 0.0000,  952.0000, 2198.0000, 0.0000,  255, 255, 0
L 952.0000, 2168.0000, 0.0000,  972.0000, 2168.0000, 0.0000,  255, 255, 0
L 992.0000, 2168.0000, 0.0000,  992.0000, 2138.0000, 0.0000,  255, 255, 0
L 952.0000, 2138.0000, 0.0000,  992.0000, 2138.0000, 0.0000,  255, 255, 0
L 972.0000, 2168.0000, 0.0000,  992.0000, 2168.0000, 0.0000,  255, 255, 0
L 992.0000, 2198.0000, 0.0000,  972.0000, 2168.0000, 0.0000,  255, 255, 0
L 1022.0000, 2168.0000, 0.0000,  1042.0000, 2168.0000, 0.0000,  255, 255, 0
L 1032.0000, 2138.0000, 0.0000,  1052.0000, 2198.0000, 0.0000,  255, 255, 0
L 1012.0000, 2198.0000, 0.0000,  1032.0000, 2138.0000, 0.0000,  255, 255, 0
L 1102.0000, 2168.0000, 0.0000,  1072.0000, 2168.0000, 0.0000,  255, 255, 0
L 1102.0000, 2138.0000, 0.0000,  1102.0000, 2168.0000, 0.0000,  255, 255, 0
L 1072.0000, 2138.0000, 0.0000,  1102.0000, 2138.0000, 0.0000,  255, 255, 0
L 1072.0000, 2198.0000, 0.0000,  1072.0000, 2138.0000, 0.0000,  255, 255, 0
L 922.0000, 2228.0000, 0.0000,  892.0000, 2228.0000, 0.0000,  255, 0, 0
L 892.0000, 2288.0000, 0.0000,  922.0000, 2228.0000, 0.0000,  255, 0, 0
L 892.0000, 2288.0000, 0.0000,  922.0000, 2288.0000, 0.0000,  255, 0, 0
L 942.0000, 2228.0000, 0.0000,  972.0000, 2228.0000, 0.0000,  255, 0, 0
L 942.0000, 2288.0000, 0.0000,  972.0000, 2288.0000, 0.0000,  255, 0, 0
L 942.0000, 2228.0000, 0.0000,  942.0000, 2288.0000, 0.0000,  255, 0, 0
L 972.0000, 2228.0000, 0.0000,  972.0000, 2288.0000, 0.0000,  255, 0, 0
L 1022.0000, 2288.0000, 0.0000,  1022.0000, 2228.0000, 0.0000,  255, 0, 0
L 992.0000, 2228.0000, 0.0000,  1022.0000, 2288.0000, 0.0000,  255, 0, 0
L 992.0000, 2288.0000, 0.0000,  992.0000, 2228.0000, 0.0000,  255, 0, 0
L 1042.0000, 2258.0000, 0.0000,  1072.0000, 2258.0000, 0.0000,  255, 0, 0
L 1042.0000, 2288.0000, 0.0000,  1072.0000, 2288.0000, 0.0000,  255, 0, 0
L 1042.0000, 2228.0000, 0.0000,  1042.0000, 2288.0000, 0.0000,  255, 0, 0
L 1072.0000, 2228.0000, 0.0000,  1042.0000, 2228.0000, 0.0000,  255, 0, 0
P -108.0000, 458.0000, 0.0000,  0, 0, 0,  2,  Original_Map:_Brewall_Rainsinger
P -108.0000, 658.0000, 0.0000,  0, 0, 0,  2,  http://www.eqmaps.info
P -108.0000, 858.0000, 0.0000,  0, 0, 0,  2,  Return_of_the_Exiled_(www.roteguild.org)
P -108.0000, 1058.0000, 0.0000,  0, 0, 0,  2,  A._Tried_and_Failed_mob_drop
P -108.0000, 1258.0000, 0.0000,  240, 240, 0,  2,  B._Feeling_Rocks_ground_spawn
P -108.0000, 1458.0000, 0.0000,  0, 0, 0,  2,  C._Dulled_Hues_mob_drop
P -108.0000, 1658.0000, 0.0000,  240, 240, 0,  2,  D._Fading_Embers_ground_spawn
P -108.0000, 1858.0000, 0.0000,  127, 64, 0,  2,  Dirge_of_Lost_Horizons_PH=a_fading_lord
P -108.0000, 2058.0000, 0.0000,  127, 64, 0,  2,  Savage_Irony_of_Will_PH=a_true_flame
P -108.0000, 2258.0000, 0.0000,  127, 64, 0,  2,  Silent_Silken_Song_PH=a_wasting_breezewing
P -108.0000, 2458.0000, 0.0000,  127, 64, 0,  2,  Soothing_Wings_of_Mist_PH=a_true_wind
P -108.0000, 2658.0000, 0.0000,  127, 64, 0,  2,  Strength_of_Undefeated_Starfall_PH=a_soot_steed
P -108.0000, 2858.0000, 0.0000,  127, 64, 0,  2,  Wandering_Spring_Soul_PH=a_dispersing_windlord
