L 1000.0000, 0.0000, 0.0000,  1000.0000, -50.0000, 0.0000,  255, 0, 0
L -20.0000, 50.0000, 0.0000,  -50.0000, 20.0000, 0.0000,  255, 0, 0
L 50.0000, 20.0000, 0.0000,  20.0000, 50.0000, 0.0000,  255, 0, 0
L 20.0000, -50.0000, 0.0000,  50.0000, -20.0000, 0.0000,  255, 0, 0
L -50.0000, -20.0000, 0.0000,  -20.0000, -50.0000, 0.0000,  255, 0, 0
L -50.0000, 20.0000, 0.0000,  -50.0000, -20.0000, 0.0000,  255, 0, 0
L 20.0000, 50.0000, 0.0000,  -20.0000, 50.0000, 0.0000,  255, 0, 0
L 50.0000, -20.0000, 0.0000,  50.0000, 20.0000, 0.0000,  255, 0, 0
L -20.0000, -50.0000, 0.0000,  20.0000, -50.0000, 0.0000,  255, 0, 0
L 580.0000, -20.0000, 0.0000,  540.0000, -20.0000, 0.0000,  255, 0, 0
L 580.0000, -90.0000, 0.0000,  580.0000, -20.0000, 0.0000,  255, 0, 0
L 540.0000, -90.0000, 0.0000,  580.0000, -90.0000, 0.0000,  255, 0, 0
L 540.0000, -20.0000, 0.0000,  540.0000, -90.0000, 0.0000,  255, 0, 0
L 520.0000, -20.0000, 0.0000,  480.0000, -20.0000, 0.0000,  255, 0, 0
L 520.0000, -90.0000, 0.0000,  520.0000, -20.0000, 0.0000,  255, 0, 0
L 480.0000, -90.0000, 0.0000,  520.0000, -90.0000, 0.0000,  255, 0, 0
L 480.0000, -20.0000, 0.0000,  480.0000, -90.0000, 0.0000,  255, 0, 0
L 460.0000, -90.0000, 0.0000,  450.0000, -80.0000, 0.0000,  255, 0, 0
L 460.0000, -20.0000, 0.0000,  460.0000, -90.0000, 0.0000,  255, 0, 0
L 0.0000, -250.0000, 0.0000,  0.0000, 250.0000, 0.0000,  255, 0, 0
L -250.0000, 0.0000, 0.0000,  1000.0000, 0.0000, 0.0000,  255, 0, 0
L -120.0000, -80.0000, 0.0000,  -120.0000, -60.0000, 0.0000,  255, 0, 0
L -120.0000, -60.0000, 0.0000,  -120.0000, -40.0000, 0.0000,  255, 0, 0
L -100.0000, -60.0000, 0.0000,  -120.0000, -60.0000, 0.0000,  255, 0, 0
L -120.0000, -60.0000, 0.0000,  -140.0000, -60.0000, 0.0000,  255, 0, 0
L -90.0000, -50.0000, 0.0000,  -100.0000, -30.0000, 0.0000,  255, 0, 0
L -60.0000, -80.0000, 0.0000,  -60.0000, -60.0000, 0.0000,  255, 0, 0
L -60.0000, -60.0000, 0.0000,  -60.0000, -40.0000, 0.0000,  255, 0, 0
L -40.0000, -60.0000, 0.0000,  -60.0000, -60.0000, 0.0000,  255, 0, 0
L -60.0000, -60.0000, 0.0000,  -80.0000, -60.0000, 0.0000,  255, 0, 0
L 100.0000, 60.0000, 0.0000,  120.0000, 60.0000, 0.0000,  255, 0, 0
L 120.0000, 60.0000, 0.0000,  140.0000, 60.0000, 0.0000,  255, 0, 0
L 90.0000, 70.0000, 0.0000,  80.0000, 90.0000, 0.0000,  255, 0, 0
L 40.0000, 60.0000, 0.0000,  60.0000, 60.0000, 0.0000,  255, 0, 0
L 60.0000, 60.0000, 0.0000,  80.0000, 60.0000, 0.0000,  255, 0, 0
L -100.0000, 60.0000, 0.0000,  -120.0000, 60.0000, 0.0000,  255, 0, 0
L -120.0000, 60.0000, 0.0000,  -140.0000, 60.0000, 0.0000,  255, 0, 0
L -90.0000, 70.0000, 0.0000,  -100.0000, 90.0000, 0.0000,  255, 0, 0
L -60.0000, 80.0000, 0.0000,  -60.0000, 60.0000, 0.0000,  255, 0, 0
L -60.0000, 60.0000, 0.0000,  -60.0000, 40.0000, 0.0000,  255, 0, 0
L -40.0000, 60.0000, 0.0000,  -60.0000, 60.0000, 0.0000,  255, 0, 0
L -60.0000, 60.0000, 0.0000,  -80.0000, 60.0000, 0.0000,  255, 0, 0
L 100.0000, -60.0000, 0.0000,  120.0000, -60.0000, 0.0000,  255, 0, 0
L 120.0000, -60.0000, 0.0000,  140.0000, -60.0000, 0.0000,  255, 0, 0
L 90.0000, -50.0000, 0.0000,  80.0000, -30.0000, 0.0000,  255, 0, 0
L 60.0000, -80.0000, 0.0000,  60.0000, -60.0000, 0.0000,  255, 0, 0
L 60.0000, -60.0000, 0.0000,  60.0000, -40.0000, 0.0000,  255, 0, 0
L 40.0000, -60.0000, 0.0000,  60.0000, -60.0000, 0.0000,  255, 0, 0
L 60.0000, -60.0000, 0.0000,  80.0000, -60.0000, 0.0000,  255, 0, 0
L 599.0000, -90.0000, 0.0000,  637.3000, -90.0000, 0.0000,  255, 0, 0
L 599.0000, -20.0000, 0.0000,  637.3000, -20.0000, 0.0000,  255, 0, 0
L 599.0000, -90.0000, 0.0000,  599.0000, -20.0000, 0.0000,  255, 0, 0
L 637.3000, -90.0000, 0.0000,  637.3000, -20.0000, 0.0000,  255, 0, 0
L -500.0000, 7200.0000, 0.0000,  -500.0000, 7260.0000, 0.0000,  0, 0, 0
L -460.0000, 7260.0000, 0.0000,  -500.0000, 7260.0000, 0.0000,  0, 0, 0
L -440.0000, 7230.0000, 0.0000,  -410.0000, 7230.0000, 0.0000,  0, 0, 0
L -440.0000, 7260.0000, 0.0000,  -410.0000, 7260.0000, 0.0000,  0, 0, 0
L -440.0000, 7200.0000, 0.0000,  -440.0000, 7260.0000, 0.0000,  0, 0, 0
L -410.0000, 7200.0000, 0.0000,  -440.0000, 7200.0000, 0.0000,  0, 0, 0
L -360.0000, 7260.0000, 0.0000,  -390.0000, 7260.0000, 0.0000,  0, 0, 0
L -390.0000, 7200.0000, 0.0000,  -360.0000, 7200.0000, 0.0000,  0, 0, 0
L -390.0000, 7260.0000, 0.0000,  -390.0000, 7200.0000, 0.0000,  0, 0, 0
L -360.0000, 7260.0000, 0.0000,  -360.0000, 7230.0000, 0.0000,  0, 0, 0
L -360.0000, 7230.0000, 0.0000,  -380.0000, 7230.0000, 0.0000,  0, 0, 0
L -340.0000, 7230.0000, 0.0000,  -310.0000, 7230.0000, 0.0000,  0, 0, 0
L -340.0000, 7260.0000, 0.0000,  -310.0000, 7260.0000, 0.0000,  0, 0, 0
L -340.0000, 7200.0000, 0.0000,  -340.0000, 7260.0000, 0.0000,  0, 0, 0
L -310.0000, 7200.0000, 0.0000,  -340.0000, 7200.0000, 0.0000,  0, 0, 0
L -260.0000, 7260.0000, 0.0000,  -260.0000, 7200.0000, 0.0000,  0, 0, 0
L -290.0000, 7200.0000, 0.0000,  -260.0000, 7260.0000, 0.0000,  0, 0, 0
L -290.0000, 7260.0000, 0.0000,  -290.0000, 7200.0000, 0.0000,  0, 0, 0
L -230.0000, 7260.0000, 0.0000,  -230.0000, 7200.0000, 0.0000,  0, 0, 0
L -220.0000, 7260.0000, 0.0000,  -240.0000, 7260.0000, 0.0000,  0, 0, 0
L -210.0000, 7230.0000, 0.0000,  -220.0000, 7260.0000, 0.0000,  0, 0, 0
L -220.0000, 7200.0000, 0.0000,  -210.0000, 7230.0000, 0.0000,  0, 0, 0
L -240.0000, 7200.0000, 0.0000,  -220.0000, 7200.0000, 0.0000,  0, 0, 0
L -500.0000, 7370.0000, 0.0000,  -440.0000, 7370.0000, 0.0000,  0, 0, 0
L -500.0000, 7290.0000, 0.0000,  -440.0000, 7290.0000, 0.0000,  0, 0, 0
L -470.0000, 7343.0000, 0.0000,  -470.0000, 7317.0000, 0.0000,  205, 133, 63
L -440.0000, 7370.0000, 0.0000,  -380.0000, 7370.0000, 0.0000,  0, 0, 0
L -440.0000, 7370.0000, 0.0000,  -440.0000, 7343.0000, 0.0000,  205, 133, 63
L -470.0000, 7343.0000, 0.0000,  -410.0000, 7343.0000, 0.0000,  205, 133, 63
L -470.0000, 7317.0000, 0.0000,  -440.0000, 7317.0000, 0.0000,  205, 133, 63
L -440.0000, 7317.0000, 0.0000,  -410.0000, 7317.0000, 0.0000,  205, 133, 63
L -440.0000, 7290.0000, 0.0000,  -380.0000, 7290.0000, 0.0000,  0, 0, 0
L -440.0000, 7317.0000, 0.0000,  -440.0000, 7290.0000, 0.0000,  205, 133, 63
L -410.0000, 7343.0000, 0.0000,  -410.0000, 7317.0000, 0.0000,  205, 133, 63
L -330.0000, 7360.0000, 0.0000,  -330.0000, 7300.0000, 0.0000,  0, 0, 0
L -320.0000, 7360.0000, 0.0000,  -340.0000, 7360.0000, 0.0000,  0, 0, 0
L -310.0000, 7330.0000, 0.0000,  -320.0000, 7360.0000, 0.0000,  0, 0, 0
L -320.0000, 7300.0000, 0.0000,  -310.0000, 7330.0000, 0.0000,  0, 0, 0
L -340.0000, 7300.0000, 0.0000,  -320.0000, 7300.0000, 0.0000,  0, 0, 0
L -290.0000, 7300.0000, 0.0000,  -260.0000, 7300.0000, 0.0000,  0, 0, 0
L -290.0000, 7360.0000, 0.0000,  -260.0000, 7360.0000, 0.0000,  0, 0, 0
L -290.0000, 7300.0000, 0.0000,  -290.0000, 7360.0000, 0.0000,  0, 0, 0
L -260.0000, 7300.0000, 0.0000,  -260.0000, 7360.0000, 0.0000,  0, 0, 0
L -240.0000, 7300.0000, 0.0000,  -210.0000, 7300.0000, 0.0000,  0, 0, 0
L -240.0000, 7360.0000, 0.0000,  -210.0000, 7360.0000, 0.0000,  0, 0, 0
L -240.0000, 7300.0000, 0.0000,  -240.0000, 7360.0000, 0.0000,  0, 0, 0
L -210.0000, 7300.0000, 0.0000,  -210.0000, 7360.0000, 0.0000,  0, 0, 0
L -190.0000, 7300.0000, 0.0000,  -190.0000, 7330.0000, 0.0000,  0, 0, 0
L -190.0000, 7330.0000, 0.0000,  -190.0000, 7360.0000, 0.0000,  0, 0, 0
L -190.0000, 7330.0000, 0.0000,  -170.0000, 7330.0000, 0.0000,  0, 0, 0
L -150.0000, 7330.0000, 0.0000,  -150.0000, 7300.0000, 0.0000,  0, 0, 0
L -190.0000, 7300.0000, 0.0000,  -150.0000, 7300.0000, 0.0000,  0, 0, 0
L -170.0000, 7330.0000, 0.0000,  -150.0000, 7330.0000, 0.0000,  0, 0, 0
L -150.0000, 7360.0000, 0.0000,  -170.0000, 7330.0000, 0.0000,  0, 0, 0
L -500.0000, 7410.0000, 0.0000,  -500.0000, 7440.0000, 0.0000,  255, 210, 0
L -500.0000, 7410.0000, 0.0000,  -480.0000, 7410.0000, 0.0000,  255, 210, 0
L -480.0000, 7470.0000, 0.0000,  -500.0000, 7470.0000, 0.0000,  255, 210, 0
L -500.0000, 7440.0000, 0.0000,  -500.0000, 7470.0000, 0.0000,  255, 210, 0
L -480.0000, 7440.0000, 0.0000,  -500.0000, 7440.0000, 0.0000,  255, 210, 0
L -480.0000, 7440.0000, 0.0000,  -460.0000, 7425.0000, 0.0000,  255, 210, 0
L -480.0000, 7410.0000, 0.0000,  -460.0000, 7425.0000, 0.0000,  255, 210, 0
L -480.0000, 7440.0000, 0.0000,  -460.0000, 7455.0000, 0.0000,  255, 210, 0
L -460.0000, 7455.0000, 0.0000,  -480.0000, 7470.0000, 0.0000,  255, 210, 0
L -430.0000, 7440.0000, 0.0000,  -410.0000, 7440.0000, 0.0000,  255, 210, 0
L -420.0000, 7410.0000, 0.0000,  -400.0000, 7470.0000, 0.0000,  255, 210, 0
L -440.0000, 7470.0000, 0.0000,  -420.0000, 7410.0000, 0.0000,  255, 210, 0
L -350.0000, 7470.0000, 0.0000,  -350.0000, 7410.0000, 0.0000,  255, 210, 0
L -380.0000, 7410.0000, 0.0000,  -350.0000, 7470.0000, 0.0000,  255, 210, 0
L -380.0000, 7470.0000, 0.0000,  -380.0000, 7410.0000, 0.0000,  255, 210, 0
L -330.0000, 7410.0000, 0.0000,  -330.0000, 7440.0000, 0.0000,  255, 210, 0
L -330.0000, 7440.0000, 0.0000,  -330.0000, 7470.0000, 0.0000,  255, 210, 0
L -330.0000, 7440.0000, 0.0000,  -290.0000, 7470.0000, 0.0000,  255, 210, 0
L -330.0000, 7440.0000, 0.0000,  -290.0000, 7410.0000, 0.0000,  255, 210, 0
L -270.0000, 7440.0000, 0.0000,  -240.0000, 7440.0000, 0.0000,  255, 210, 0
L -270.0000, 7470.0000, 0.0000,  -240.0000, 7470.0000, 0.0000,  255, 210, 0
L -270.0000, 7410.0000, 0.0000,  -270.0000, 7470.0000, 0.0000,  255, 210, 0
L -240.0000, 7410.0000, 0.0000,  -270.0000, 7410.0000, 0.0000,  255, 210, 0
L -220.0000, 7410.0000, 0.0000,  -220.0000, 7440.0000, 0.0000,  255, 210, 0
L -220.0000, 7440.0000, 0.0000,  -220.0000, 7470.0000, 0.0000,  255, 210, 0
L -220.0000, 7440.0000, 0.0000,  -200.0000, 7440.0000, 0.0000,  255, 210, 0
L -180.0000, 7440.0000, 0.0000,  -180.0000, 7410.0000, 0.0000,  255, 210, 0
L -220.0000, 7410.0000, 0.0000,  -180.0000, 7410.0000, 0.0000,  255, 210, 0
L -200.0000, 7440.0000, 0.0000,  -180.0000, 7440.0000, 0.0000,  255, 210, 0
L -180.0000, 7470.0000, 0.0000,  -200.0000, 7440.0000, 0.0000,  255, 210, 0
L -470.0000, 7560.0000, 0.0000,  -500.0000, 7560.0000, 0.0000,  255, 255, 255
L -500.0000, 7500.0000, 0.0000,  -470.0000, 7500.0000, 0.0000,  255, 255, 255
L -500.0000, 7560.0000, 0.0000,  -500.0000, 7500.0000, 0.0000,  255, 255, 255
L -450.0000, 7500.0000, 0.0000,  -420.0000, 7500.0000, 0.0000,  255, 255, 255
L -450.0000, 7560.0000, 0.0000,  -420.0000, 7560.0000, 0.0000,  255, 255, 255
L -450.0000, 7500.0000, 0.0000,  -450.0000, 7560.0000, 0.0000,  255, 255, 255
L -420.0000, 7500.0000, 0.0000,  -420.0000, 7560.0000, 0.0000,  255, 255, 255
L -360.0000, 7500.0000, 0.0000,  -360.0000, 7560.0000, 0.0000,  255, 255, 255
L -380.0000, 7530.0000, 0.0000,  -360.0000, 7500.0000, 0.0000,  255, 255, 255
L -400.0000, 7500.0000, 0.0000,  -380.0000, 7530.0000, 0.0000,  255, 255, 255
L -400.0000, 7560.0000, 0.0000,  -400.0000, 7500.0000, 0.0000,  255, 255, 255
L -300.0000, 7500.0000, 0.0000,  -300.0000, 7560.0000, 0.0000,  255, 255, 255
L -320.0000, 7530.0000, 0.0000,  -300.0000, 7500.0000, 0.0000,  255, 255, 255
L -340.0000, 7500.0000, 0.0000,  -320.0000, 7530.0000, 0.0000,  255, 255, 255
L -340.0000, 7560.0000, 0.0000,  -340.0000, 7500.0000, 0.0000,  255, 255, 255
L -280.0000, 7530.0000, 0.0000,  -250.0000, 7530.0000, 0.0000,  255, 255, 255
L -280.0000, 7560.0000, 0.0000,  -250.0000, 7560.0000, 0.0000,  255, 255, 255
L -280.0000, 7500.0000, 0.0000,  -280.0000, 7560.0000, 0.0000,  255, 255, 255
L -250.0000, 7500.0000, 0.0000,  -280.0000, 7500.0000, 0.0000,  255, 255, 255
L -200.0000, 7560.0000, 0.0000,  -200.0000, 7500.0000, 0.0000,  255, 255, 255
L -230.0000, 7500.0000, 0.0000,  -200.0000, 7560.0000, 0.0000,  255, 255, 255
L -230.0000, 7560.0000, 0.0000,  -230.0000, 7500.0000, 0.0000,  255, 255, 255
L -160.0000, 7500.0000, 0.0000,  -160.0000, 7560.0000, 0.0000,  255, 255, 255
L -180.0000, 7500.0000, 0.0000,  -140.0000, 7500.0000, 0.0000,  255, 255, 255
L -470.0000, 7650.0000, 0.0000,  -500.0000, 7650.0000, 0.0000,  0, 0, 0
L -500.0000, 7590.0000, 0.0000,  -470.0000, 7590.0000, 0.0000,  0, 0, 0
L -500.0000, 7650.0000, 0.0000,  -500.0000, 7590.0000, 0.0000,  0, 0, 0
L -470.0000, 7650.0000, 0.0000,  -470.0000, 7620.0000, 0.0000,  0, 0, 0
L -470.0000, 7620.0000, 0.0000,  -490.0000, 7620.0000, 0.0000,  0, 0, 0
L -450.0000, 7620.0000, 0.0000,  -420.0000, 7620.0000, 0.0000,  0, 0, 0
L -450.0000, 7650.0000, 0.0000,  -420.0000, 7650.0000, 0.0000,  0, 0, 0
L -450.0000, 7590.0000, 0.0000,  -450.0000, 7650.0000, 0.0000,  0, 0, 0
L -420.0000, 7590.0000, 0.0000,  -450.0000, 7590.0000, 0.0000,  0, 0, 0
L -370.0000, 7650.0000, 0.0000,  -370.0000, 7590.0000, 0.0000,  0, 0, 0
L -400.0000, 7590.0000, 0.0000,  -370.0000, 7650.0000, 0.0000,  0, 0, 0
L -400.0000, 7650.0000, 0.0000,  -400.0000, 7590.0000, 0.0000,  0, 0, 0
L -350.0000, 7620.0000, 0.0000,  -320.0000, 7620.0000, 0.0000,  0, 0, 0
L -350.0000, 7650.0000, 0.0000,  -320.0000, 7650.0000, 0.0000,  0, 0, 0
L -350.0000, 7590.0000, 0.0000,  -350.0000, 7650.0000, 0.0000,  0, 0, 0
L -320.0000, 7590.0000, 0.0000,  -350.0000, 7590.0000, 0.0000,  0, 0, 0
L -300.0000, 7590.0000, 0.0000,  -300.0000, 7620.0000, 0.0000,  0, 0, 0
L -300.0000, 7620.0000, 0.0000,  -300.0000, 7650.0000, 0.0000,  0, 0, 0
L -300.0000, 7620.0000, 0.0000,  -280.0000, 7620.0000, 0.0000,  0, 0, 0
L -260.0000, 7620.0000, 0.0000,  -260.0000, 7590.0000, 0.0000,  0, 0, 0
L -300.0000, 7590.0000, 0.0000,  -260.0000, 7590.0000, 0.0000,  0, 0, 0
L -280.0000, 7620.0000, 0.0000,  -260.0000, 7620.0000, 0.0000,  0, 0, 0
L -260.0000, 7650.0000, 0.0000,  -280.0000, 7620.0000, 0.0000,  0, 0, 0
L -230.0000, 7620.0000, 0.0000,  -210.0000, 7620.0000, 0.0000,  0, 0, 0
L -220.0000, 7590.0000, 0.0000,  -200.0000, 7650.0000, 0.0000,  0, 0, 0
L -240.0000, 7650.0000, 0.0000,  -220.0000, 7590.0000, 0.0000,  0, 0, 0
L -180.0000, 7590.0000, 0.0000,  -180.0000, 7650.0000, 0.0000,  0, 0, 0
L -140.0000, 7650.0000, 0.0000,  -180.0000, 7650.0000, 0.0000,  0, 0, 0
L -470.0000, 7740.0000, 0.0000,  -500.0000, 7740.0000, 0.0000,  0, 0, 255
L -500.0000, 7680.0000, 0.0000,  -470.0000, 7680.0000, 0.0000,  0, 0, 255
L -500.0000, 7740.0000, 0.0000,  -500.0000, 7680.0000, 0.0000,  0, 0, 255
L -470.0000, 7740.0000, 0.0000,  -470.0000, 7710.0000, 0.0000,  0, 0, 255
L -470.0000, 7710.0000, 0.0000,  -490.0000, 7710.0000, 0.0000,  0, 0, 255
L -450.0000, 7680.0000, 0.0000,  -450.0000, 7710.0000, 0.0000,  0, 0, 255
L -450.0000, 7710.0000, 0.0000,  -450.0000, 7740.0000, 0.0000,  0, 0, 255
L -450.0000, 7710.0000, 0.0000,  -430.0000, 7710.0000, 0.0000,  0, 0, 255
L -410.0000, 7710.0000, 0.0000,  -410.0000, 7680.0000, 0.0000,  0, 0, 255
L -450.0000, 7680.0000, 0.0000,  -410.0000, 7680.0000, 0.0000,  0, 0, 255
L -430.0000, 7710.0000, 0.0000,  -410.0000, 7710.0000, 0.0000,  0, 0, 255
L -410.0000, 7740.0000, 0.0000,  -430.0000, 7710.0000, 0.0000,  0, 0, 255
L -390.0000, 7680.0000, 0.0000,  -360.0000, 7680.0000, 0.0000,  0, 0, 255
L -390.0000, 7740.0000, 0.0000,  -360.0000, 7740.0000, 0.0000,  0, 0, 255
L -390.0000, 7680.0000, 0.0000,  -390.0000, 7740.0000, 0.0000,  0, 0, 255
L -360.0000, 7680.0000, 0.0000,  -360.0000, 7740.0000, 0.0000,  0, 0, 255
L -300.0000, 7680.0000, 0.0000,  -300.0000, 7740.0000, 0.0000,  0, 0, 255
L -340.0000, 7680.0000, 0.0000,  -340.0000, 7740.0000, 0.0000,  0, 0, 255
L -340.0000, 7740.0000, 0.0000,  -300.0000, 7740.0000, 0.0000,  0, 0, 255
L -250.0000, 7740.0000, 0.0000,  -250.0000, 7680.0000, 0.0000,  0, 0, 255
L -280.0000, 7680.0000, 0.0000,  -250.0000, 7740.0000, 0.0000,  0, 0, 255
L -280.0000, 7740.0000, 0.0000,  -280.0000, 7680.0000, 0.0000,  0, 0, 255
L -220.0000, 7740.0000, 0.0000,  -220.0000, 7680.0000, 0.0000,  0, 0, 255
L -210.0000, 7740.0000, 0.0000,  -230.0000, 7740.0000, 0.0000,  0, 0, 255
L -200.0000, 7710.0000, 0.0000,  -210.0000, 7740.0000, 0.0000,  0, 0, 255
L -210.0000, 7680.0000, 0.0000,  -200.0000, 7710.0000, 0.0000,  0, 0, 255
L -230.0000, 7680.0000, 0.0000,  -210.0000, 7680.0000, 0.0000,  0, 0, 255
L -120.0000, 7680.0000, 0.0000,  -120.0000, 7710.0000, 0.0000,  0, 0, 255
L -120.0000, 7740.0000, 0.0000,  -80.0000, 7740.0000, 0.0000,  0, 0, 255
L -80.0000, 7710.0000, 0.0000,  -120.0000, 7710.0000, 0.0000,  0, 0, 255
L -120.0000, 7680.0000, 0.0000,  -80.0000, 7680.0000, 0.0000,  0, 0, 255
L -80.0000, 7710.0000, 0.0000,  -80.0000, 7740.0000, 0.0000,  0, 0, 255
L -30.0000, 7710.0000, 0.0000,  -60.0000, 7710.0000, 0.0000,  0, 0, 255
L -30.0000, 7680.0000, 0.0000,  -30.0000, 7710.0000, 0.0000,  0, 0, 255
L -60.0000, 7680.0000, 0.0000,  -30.0000, 7680.0000, 0.0000,  0, 0, 255
L -60.0000, 7740.0000, 0.0000,  -60.0000, 7680.0000, 0.0000,  0, 0, 255
L 0.0000, 7710.0000, 0.0000,  20.0000, 7710.0000, 0.0000,  0, 0, 255
L 10.0000, 7680.0000, 0.0000,  30.0000, 7740.0000, 0.0000,  0, 0, 255
L -10.0000, 7740.0000, 0.0000,  10.0000, 7680.0000, 0.0000,  0, 0, 255
L 80.0000, 7740.0000, 0.0000,  90.0000, 7680.0000, 0.0000,  0, 0, 255
L 70.0000, 7710.0000, 0.0000,  80.0000, 7740.0000, 0.0000,  0, 0, 255
L 60.0000, 7740.0000, 0.0000,  70.0000, 7710.0000, 0.0000,  0, 0, 255
L 50.0000, 7680.0000, 0.0000,  60.0000, 7740.0000, 0.0000,  0, 0, 255
L 140.0000, 7740.0000, 0.0000,  140.0000, 7680.0000, 0.0000,  0, 0, 255
L 110.0000, 7680.0000, 0.0000,  140.0000, 7740.0000, 0.0000,  0, 0, 255
L 110.0000, 7740.0000, 0.0000,  110.0000, 7680.0000, 0.0000,  0, 0, 255
L -470.0000, 7830.0000, 0.0000,  -500.0000, 7830.0000, 0.0000,  128, 128, 128
L -500.0000, 7770.0000, 0.0000,  -470.0000, 7770.0000, 0.0000,  128, 128, 128
L -500.0000, 7830.0000, 0.0000,  -500.0000, 7770.0000, 0.0000,  128, 128, 128
L -470.0000, 7830.0000, 0.0000,  -470.0000, 7800.0000, 0.0000,  128, 128, 128
L -470.0000, 7800.0000, 0.0000,  -490.0000, 7800.0000, 0.0000,  128, 128, 128
L -410.0000, 7770.0000, 0.0000,  -410.0000, 7830.0000, 0.0000,  128, 128, 128
L -450.0000, 7770.0000, 0.0000,  -450.0000, 7830.0000, 0.0000,  128, 128, 128
L -450.0000, 7830.0000, 0.0000,  -410.0000, 7830.0000, 0.0000,  128, 128, 128
L -390.0000, 7770.0000, 0.0000,  -390.0000, 7830.0000, 0.0000,  128, 128, 128
L -370.0000, 7770.0000, 0.0000,  -370.0000, 7830.0000, 0.0000,  128, 128, 128
L -330.0000, 7830.0000, 0.0000,  -370.0000, 7830.0000, 0.0000,  128, 128, 128
L -300.0000, 7830.0000, 0.0000,  -300.0000, 7770.0000, 0.0000,  128, 128, 128
L -290.0000, 7830.0000, 0.0000,  -310.0000, 7830.0000, 0.0000,  128, 128, 128
L -280.0000, 7800.0000, 0.0000,  -290.0000, 7830.0000, 0.0000,  128, 128, 128
L -290.0000, 7770.0000, 0.0000,  -280.0000, 7800.0000, 0.0000,  128, 128, 128
L -310.0000, 7770.0000, 0.0000,  -290.0000, 7770.0000, 0.0000,  128, 128, 128
L -160.0000, 7770.0000, 0.0000,  -160.0000, 7830.0000, 0.0000,  128, 128, 128
L -180.0000, 7800.0000, 0.0000,  -160.0000, 7770.0000, 0.0000,  128, 128, 128
L -200.0000, 7770.0000, 0.0000,  -180.0000, 7800.0000, 0.0000,  128, 128, 128
L -200.0000, 7830.0000, 0.0000,  -200.0000, 7770.0000, 0.0000,  128, 128, 128
L -130.0000, 7800.0000, 0.0000,  -110.0000, 7800.0000, 0.0000,  128, 128, 128
L -120.0000, 7770.0000, 0.0000,  -100.0000, 7830.0000, 0.0000,  128, 128, 128
L -140.0000, 7830.0000, 0.0000,  -120.0000, 7770.0000, 0.0000,  128, 128, 128
L -80.0000, 7770.0000, 0.0000,  -80.0000, 7800.0000, 0.0000,  128, 128, 128
L -80.0000, 7830.0000, 0.0000,  -40.0000, 7830.0000, 0.0000,  128, 128, 128
L -40.0000, 7800.0000, 0.0000,  -80.0000, 7800.0000, 0.0000,  128, 128, 128
L -80.0000, 7770.0000, 0.0000,  -40.0000, 7770.0000, 0.0000,  128, 128, 128
L -40.0000, 7800.0000, 0.0000,  -40.0000, 7830.0000, 0.0000,  128, 128, 128
L 0.0000, 7770.0000, 0.0000,  0.0000, 7830.0000, 0.0000,  128, 128, 128
L -20.0000, 7770.0000, 0.0000,  20.0000, 7770.0000, 0.0000,  128, 128, 128
L 40.0000, 7800.0000, 0.0000,  70.0000, 7800.0000, 0.0000,  128, 128, 128
L 40.0000, 7830.0000, 0.0000,  70.0000, 7830.0000, 0.0000,  128, 128, 128
L 40.0000, 7770.0000, 0.0000,  40.0000, 7830.0000, 0.0000,  128, 128, 128
L 70.0000, 7770.0000, 0.0000,  40.0000, 7770.0000, 0.0000,  128, 128, 128
L 90.0000, 7770.0000, 0.0000,  90.0000, 7800.0000, 0.0000,  128, 128, 128
L 90.0000, 7800.0000, 0.0000,  90.0000, 7830.0000, 0.0000,  128, 128, 128
L 90.0000, 7800.0000, 0.0000,  110.0000, 7800.0000, 0.0000,  128, 128, 128
L 130.0000, 7800.0000, 0.0000,  130.0000, 7770.0000, 0.0000,  128, 128, 128
L 90.0000, 7770.0000, 0.0000,  130.0000, 7770.0000, 0.0000,  128, 128, 128
L 110.0000, 7800.0000, 0.0000,  130.0000, 7800.0000, 0.0000,  128, 128, 128
L 130.0000, 7830.0000, 0.0000,  110.0000, 7800.0000, 0.0000,  128, 128, 128
L -500.0000, 7860.0000, 0.0000,  -500.0000, 7890.0000, 0.0000,  127, 64, 0
L -460.0000, 7920.0000, 0.0000,  -460.0000, 7890.0000, 0.0000,  127, 64, 0
L -500.0000, 7890.0000, 0.0000,  -500.0000, 7920.0000, 0.0000,  127, 64, 0
L -460.0000, 7890.0000, 0.0000,  -460.0000, 7860.0000, 0.0000,  127, 64, 0
L -500.0000, 7890.0000, 0.0000,  -460.0000, 7890.0000, 0.0000,  127, 64, 0
L -400.0000, 7860.0000, 0.0000,  -400.0000, 7920.0000, 0.0000,  127, 64, 0
L -440.0000, 7860.0000, 0.0000,  -440.0000, 7920.0000, 0.0000,  127, 64, 0
L -440.0000, 7920.0000, 0.0000,  -400.0000, 7920.0000, 0.0000,  127, 64, 0
L -350.0000, 7920.0000, 0.0000,  -350.0000, 7860.0000, 0.0000,  127, 64, 0
L -380.0000, 7860.0000, 0.0000,  -350.0000, 7920.0000, 0.0000,  127, 64, 0
L -380.0000, 7920.0000, 0.0000,  -380.0000, 7860.0000, 0.0000,  127, 64, 0
L -310.0000, 7860.0000, 0.0000,  -310.0000, 7920.0000, 0.0000,  127, 64, 0
L -330.0000, 7860.0000, 0.0000,  -290.0000, 7860.0000, 0.0000,  127, 64, 0
L -270.0000, 7890.0000, 0.0000,  -240.0000, 7890.0000, 0.0000,  127, 64, 0
L -270.0000, 7920.0000, 0.0000,  -240.0000, 7920.0000, 0.0000,  127, 64, 0
L -270.0000, 7860.0000, 0.0000,  -270.0000, 7920.0000, 0.0000,  127, 64, 0
L -240.0000, 7860.0000, 0.0000,  -270.0000, 7860.0000, 0.0000,  127, 64, 0
L -220.0000, 7860.0000, 0.0000,  -220.0000, 7890.0000, 0.0000,  127, 64, 0
L -220.0000, 7890.0000, 0.0000,  -220.0000, 7920.0000, 0.0000,  127, 64, 0
L -220.0000, 7890.0000, 0.0000,  -200.0000, 7890.0000, 0.0000,  127, 64, 0
L -180.0000, 7890.0000, 0.0000,  -180.0000, 7860.0000, 0.0000,  127, 64, 0
L -220.0000, 7860.0000, 0.0000,  -180.0000, 7860.0000, 0.0000,  127, 64, 0
L -200.0000, 7890.0000, 0.0000,  -180.0000, 7890.0000, 0.0000,  127, 64, 0
L -180.0000, 7920.0000, 0.0000,  -200.0000, 7890.0000, 0.0000,  127, 64, 0
L -460.0000, 7950.0000, 0.0000,  -460.0000, 8010.0000, 0.0000,  0, 127, 0
L -480.0000, 7980.0000, 0.0000,  -460.0000, 7950.0000, 0.0000,  0, 127, 0
L -500.0000, 7950.0000, 0.0000,  -480.0000, 7980.0000, 0.0000,  0, 127, 0
L -500.0000, 8010.0000, 0.0000,  -500.0000, 7950.0000, 0.0000,  0, 127, 0
L -440.0000, 7980.0000, 0.0000,  -410.0000, 7980.0000, 0.0000,  0, 127, 0
L -440.0000, 8010.0000, 0.0000,  -410.0000, 8010.0000, 0.0000,  0, 127, 0
L -440.0000, 7950.0000, 0.0000,  -440.0000, 8010.0000, 0.0000,  0, 127, 0
L -410.0000, 7950.0000, 0.0000,  -440.0000, 7950.0000, 0.0000,  0, 127, 0
L -390.0000, 7950.0000, 0.0000,  -390.0000, 7980.0000, 0.0000,  0, 127, 0
L -390.0000, 7980.0000, 0.0000,  -390.0000, 8010.0000, 0.0000,  0, 127, 0
L -390.0000, 7980.0000, 0.0000,  -370.0000, 7980.0000, 0.0000,  0, 127, 0
L -350.0000, 7980.0000, 0.0000,  -350.0000, 7950.0000, 0.0000,  0, 127, 0
L -390.0000, 7950.0000, 0.0000,  -350.0000, 7950.0000, 0.0000,  0, 127, 0
L -370.0000, 7980.0000, 0.0000,  -350.0000, 7980.0000, 0.0000,  0, 127, 0
L -350.0000, 8010.0000, 0.0000,  -370.0000, 7980.0000, 0.0000,  0, 127, 0
L -300.0000, 8010.0000, 0.0000,  -330.0000, 8010.0000, 0.0000,  0, 127, 0
L -330.0000, 7950.0000, 0.0000,  -300.0000, 7950.0000, 0.0000,  0, 127, 0
L -330.0000, 8010.0000, 0.0000,  -330.0000, 7950.0000, 0.0000,  0, 127, 0
L -280.0000, 7950.0000, 0.0000,  -280.0000, 7980.0000, 0.0000,  0, 127, 0
L -240.0000, 8010.0000, 0.0000,  -240.0000, 7980.0000, 0.0000,  0, 127, 0
L -280.0000, 7980.0000, 0.0000,  -280.0000, 8010.0000, 0.0000,  0, 127, 0
L -240.0000, 7980.0000, 0.0000,  -240.0000, 7950.0000, 0.0000,  0, 127, 0
L -280.0000, 7980.0000, 0.0000,  -240.0000, 7980.0000, 0.0000,  0, 127, 0
L -210.0000, 7980.0000, 0.0000,  -190.0000, 7980.0000, 0.0000,  0, 127, 0
L -200.0000, 7950.0000, 0.0000,  -180.0000, 8010.0000, 0.0000,  0, 127, 0
L -220.0000, 8010.0000, 0.0000,  -200.0000, 7950.0000, 0.0000,  0, 127, 0
L -130.0000, 8010.0000, 0.0000,  -130.0000, 7950.0000, 0.0000,  0, 127, 0
L -160.0000, 7950.0000, 0.0000,  -130.0000, 8010.0000, 0.0000,  0, 127, 0
L -160.0000, 8010.0000, 0.0000,  -160.0000, 7950.0000, 0.0000,  0, 127, 0
L -90.0000, 7950.0000, 0.0000,  -90.0000, 8010.0000, 0.0000,  0, 127, 0
L -110.0000, 7950.0000, 0.0000,  -70.0000, 7950.0000, 0.0000,  0, 127, 0
L -460.0000, 8040.0000, 0.0000,  -460.0000, 8100.0000, 0.0000,  0, 127, 127
L -480.0000, 8070.0000, 0.0000,  -460.0000, 8040.0000, 0.0000,  0, 127, 127
L -500.0000, 8040.0000, 0.0000,  -480.0000, 8070.0000, 0.0000,  0, 127, 127
L -500.0000, 8100.0000, 0.0000,  -500.0000, 8040.0000, 0.0000,  0, 127, 127
L -440.0000, 8040.0000, 0.0000,  -440.0000, 8100.0000, 0.0000,  0, 127, 127
L -420.0000, 8040.0000, 0.0000,  -420.0000, 8070.0000, 0.0000,  0, 127, 127
L -420.0000, 8100.0000, 0.0000,  -380.0000, 8100.0000, 0.0000,  0, 127, 127
L -380.0000, 8070.0000, 0.0000,  -420.0000, 8070.0000, 0.0000,  0, 127, 127
L -420.0000, 8040.0000, 0.0000,  -380.0000, 8040.0000, 0.0000,  0, 127, 127
L -380.0000, 8070.0000, 0.0000,  -380.0000, 8100.0000, 0.0000,  0, 127, 127
L -360.0000, 8040.0000, 0.0000,  -360.0000, 8070.0000, 0.0000,  0, 127, 127
L -360.0000, 8100.0000, 0.0000,  -320.0000, 8100.0000, 0.0000,  0, 127, 127
L -320.0000, 8070.0000, 0.0000,  -360.0000, 8070.0000, 0.0000,  0, 127, 127
L -360.0000, 8040.0000, 0.0000,  -320.0000, 8040.0000, 0.0000,  0, 127, 127
L -320.0000, 8070.0000, 0.0000,  -320.0000, 8100.0000, 0.0000,  0, 127, 127
L -300.0000, 8040.0000, 0.0000,  -300.0000, 8100.0000, 0.0000,  0, 127, 127
L -280.0000, 8040.0000, 0.0000,  -250.0000, 8040.0000, 0.0000,  0, 127, 127
L -280.0000, 8100.0000, 0.0000,  -250.0000, 8100.0000, 0.0000,  0, 127, 127
L -280.0000, 8040.0000, 0.0000,  -280.0000, 8100.0000, 0.0000,  0, 127, 127
L -250.0000, 8040.0000, 0.0000,  -250.0000, 8100.0000, 0.0000,  0, 127, 127
L -200.0000, 8100.0000, 0.0000,  -200.0000, 8040.0000, 0.0000,  0, 127, 127
L -230.0000, 8040.0000, 0.0000,  -200.0000, 8100.0000, 0.0000,  0, 127, 127
L -230.0000, 8100.0000, 0.0000,  -230.0000, 8040.0000, 0.0000,  0, 127, 127
L -470.0000, 8190.0000, 0.0000,  -470.0000, 8130.0000, 0.0000,  127, 64, 0
L -500.0000, 8130.0000, 0.0000,  -470.0000, 8190.0000, 0.0000,  127, 64, 0
L -500.0000, 8190.0000, 0.0000,  -500.0000, 8130.0000, 0.0000,  127, 64, 0
L -440.0000, 8160.0000, 0.0000,  -420.0000, 8160.0000, 0.0000,  127, 64, 0
L -430.0000, 8130.0000, 0.0000,  -410.0000, 8190.0000, 0.0000,  127, 64, 0
L -450.0000, 8190.0000, 0.0000,  -430.0000, 8130.0000, 0.0000,  127, 64, 0
L -350.0000, 8130.0000, 0.0000,  -350.0000, 8190.0000, 0.0000,  127, 64, 0
L -370.0000, 8160.0000, 0.0000,  -350.0000, 8130.0000, 0.0000,  127, 64, 0
L -390.0000, 8130.0000, 0.0000,  -370.0000, 8160.0000, 0.0000,  127, 64, 0
L -390.0000, 8190.0000, 0.0000,  -390.0000, 8130.0000, 0.0000,  127, 64, 0
L -330.0000, 8160.0000, 0.0000,  -300.0000, 8160.0000, 0.0000,  127, 64, 0
L -330.0000, 8190.0000, 0.0000,  -300.0000, 8190.0000, 0.0000,  127, 64, 0
L -330.0000, 8130.0000, 0.0000,  -330.0000, 8190.0000, 0.0000,  127, 64, 0
L -300.0000, 8130.0000, 0.0000,  -330.0000, 8130.0000, 0.0000,  127, 64, 0
L -270.0000, 8190.0000, 0.0000,  -270.0000, 8130.0000, 0.0000,  127, 64, 0
L -260.0000, 8190.0000, 0.0000,  -280.0000, 8190.0000, 0.0000,  127, 64, 0
L -250.0000, 8160.0000, 0.0000,  -260.0000, 8190.0000, 0.0000,  127, 64, 0
L -260.0000, 8130.0000, 0.0000,  -250.0000, 8160.0000, 0.0000,  127, 64, 0
L -280.0000, 8130.0000, 0.0000,  -260.0000, 8130.0000, 0.0000,  127, 64, 0
L -470.0000, 8250.0000, 0.0000,  -500.0000, 8250.0000, 0.0000,  0, 255, 0
L -470.0000, 8220.0000, 0.0000,  -470.0000, 8250.0000, 0.0000,  0, 255, 0
L -500.0000, 8220.0000, 0.0000,  -470.0000, 8220.0000, 0.0000,  0, 255, 0
L -500.0000, 8280.0000, 0.0000,  -500.0000, 8220.0000, 0.0000,  0, 255, 0
L -440.0000, 8250.0000, 0.0000,  -420.0000, 8250.0000, 0.0000,  0, 255, 0
L -430.0000, 8220.0000, 0.0000,  -410.0000, 8280.0000, 0.0000,  0, 255, 0
L -450.0000, 8280.0000, 0.0000,  -430.0000, 8220.0000, 0.0000,  0, 255, 0
L -390.0000, 8220.0000, 0.0000,  -390.0000, 8250.0000, 0.0000,  0, 255, 0
L -390.0000, 8250.0000, 0.0000,  -390.0000, 8280.0000, 0.0000,  0, 255, 0
L -390.0000, 8250.0000, 0.0000,  -370.0000, 8250.0000, 0.0000,  0, 255, 0
L -350.0000, 8250.0000, 0.0000,  -350.0000, 8220.0000, 0.0000,  0, 255, 0
L -390.0000, 8220.0000, 0.0000,  -350.0000, 8220.0000, 0.0000,  0, 255, 0
L -370.0000, 8250.0000, 0.0000,  -350.0000, 8250.0000, 0.0000,  0, 255, 0
L -350.0000, 8280.0000, 0.0000,  -370.0000, 8250.0000, 0.0000,  0, 255, 0
L -300.0000, 8280.0000, 0.0000,  -330.0000, 8280.0000, 0.0000,  0, 255, 0
L -330.0000, 8220.0000, 0.0000,  -300.0000, 8220.0000, 0.0000,  0, 255, 0
L -330.0000, 8280.0000, 0.0000,  -330.0000, 8220.0000, 0.0000,  0, 255, 0
L -280.0000, 8250.0000, 0.0000,  -250.0000, 8250.0000, 0.0000,  0, 255, 0
L -280.0000, 8280.0000, 0.0000,  -250.0000, 8280.0000, 0.0000,  0, 255, 0
L -280.0000, 8220.0000, 0.0000,  -280.0000, 8280.0000, 0.0000,  0, 255, 0
L -250.0000, 8220.0000, 0.0000,  -280.0000, 8220.0000, 0.0000,  0, 255, 0
L -230.0000, 8220.0000, 0.0000,  -230.0000, 8280.0000, 0.0000,  0, 255, 0
L -190.0000, 8280.0000, 0.0000,  -230.0000, 8280.0000, 0.0000,  0, 255, 0
L -170.0000, 8220.0000, 0.0000,  -170.0000, 8250.0000, 0.0000,  0, 255, 0
L -170.0000, 8280.0000, 0.0000,  -130.0000, 8280.0000, 0.0000,  0, 255, 0
L -130.0000, 8250.0000, 0.0000,  -170.0000, 8250.0000, 0.0000,  0, 255, 0
L -170.0000, 8220.0000, 0.0000,  -130.0000, 8220.0000, 0.0000,  0, 255, 0
L -130.0000, 8250.0000, 0.0000,  -130.0000, 8280.0000, 0.0000,  0, 255, 0
L -500.0000, 8310.0000, 0.0000,  -500.0000, 8340.0000, 0.0000,  0, 240, 240
L -500.0000, 8340.0000, 0.0000,  -500.0000, 8370.0000, 0.0000,  0, 240, 240
L -500.0000, 8340.0000, 0.0000,  -480.0000, 8340.0000, 0.0000,  0, 240, 240
L -460.0000, 8340.0000, 0.0000,  -460.0000, 8310.0000, 0.0000,  0, 240, 240
L -500.0000, 8310.0000, 0.0000,  -460.0000, 8310.0000, 0.0000,  0, 240, 240
L -480.0000, 8340.0000, 0.0000,  -460.0000, 8340.0000, 0.0000,  0, 240, 240
L -460.0000, 8370.0000, 0.0000,  -480.0000, 8340.0000, 0.0000,  0, 240, 240
L -430.0000, 8340.0000, 0.0000,  -410.0000, 8340.0000, 0.0000,  0, 240, 240
L -420.0000, 8310.0000, 0.0000,  -400.0000, 8370.0000, 0.0000,  0, 240, 240
L -440.0000, 8370.0000, 0.0000,  -420.0000, 8310.0000, 0.0000,  0, 240, 240
L -380.0000, 8310.0000, 0.0000,  -380.0000, 8370.0000, 0.0000,  0, 240, 240
L -350.0000, 8370.0000, 0.0000,  -350.0000, 8310.0000, 0.0000,  0, 240, 240
L -340.0000, 8370.0000, 0.0000,  -360.0000, 8370.0000, 0.0000,  0, 240, 240
L -330.0000, 8340.0000, 0.0000,  -340.0000, 8370.0000, 0.0000,  0, 240, 240
L -340.0000, 8310.0000, 0.0000,  -330.0000, 8340.0000, 0.0000,  0, 240, 240
L -360.0000, 8310.0000, 0.0000,  -340.0000, 8310.0000, 0.0000,  0, 240, 240
L -500.0000, 8400.0000, 0.0000,  -500.0000, 8430.0000, 0.0000,  0, 255, 0
L -500.0000, 8460.0000, 0.0000,  -460.0000, 8460.0000, 0.0000,  0, 255, 0
L -460.0000, 8430.0000, 0.0000,  -500.0000, 8430.0000, 0.0000,  0, 255, 0
L -500.0000, 8400.0000, 0.0000,  -460.0000, 8400.0000, 0.0000,  0, 255, 0
L -460.0000, 8430.0000, 0.0000,  -460.0000, 8460.0000, 0.0000,  0, 255, 0
L -410.0000, 8430.0000, 0.0000,  -440.0000, 8430.0000, 0.0000,  0, 255, 0
L -410.0000, 8400.0000, 0.0000,  -410.0000, 8430.0000, 0.0000,  0, 255, 0
L -440.0000, 8400.0000, 0.0000,  -410.0000, 8400.0000, 0.0000,  0, 255, 0
L -440.0000, 8460.0000, 0.0000,  -440.0000, 8400.0000, 0.0000,  0, 255, 0
L -390.0000, 8430.0000, 0.0000,  -360.0000, 8430.0000, 0.0000,  0, 255, 0
L -390.0000, 8460.0000, 0.0000,  -360.0000, 8460.0000, 0.0000,  0, 255, 0
L -390.0000, 8400.0000, 0.0000,  -390.0000, 8460.0000, 0.0000,  0, 255, 0
L -360.0000, 8400.0000, 0.0000,  -390.0000, 8400.0000, 0.0000,  0, 255, 0
L -310.0000, 8460.0000, 0.0000,  -340.0000, 8460.0000, 0.0000,  0, 255, 0
L -340.0000, 8400.0000, 0.0000,  -310.0000, 8400.0000, 0.0000,  0, 255, 0
L -340.0000, 8460.0000, 0.0000,  -340.0000, 8400.0000, 0.0000,  0, 255, 0
L -290.0000, 8400.0000, 0.0000,  -290.0000, 8460.0000, 0.0000,  0, 255, 0
L -260.0000, 8430.0000, 0.0000,  -240.0000, 8430.0000, 0.0000,  0, 255, 0
L -250.0000, 8400.0000, 0.0000,  -230.0000, 8460.0000, 0.0000,  0, 255, 0
L -270.0000, 8460.0000, 0.0000,  -250.0000, 8400.0000, 0.0000,  0, 255, 0
L -210.0000, 8400.0000, 0.0000,  -210.0000, 8460.0000, 0.0000,  0, 255, 0
L -170.0000, 8460.0000, 0.0000,  -210.0000, 8460.0000, 0.0000,  0, 255, 0
L -60.0000, 8460.0000, 0.0000,  -90.0000, 8460.0000, 0.0000,  0, 255, 0
L -90.0000, 8400.0000, 0.0000,  -60.0000, 8400.0000, 0.0000,  0, 255, 0
L -90.0000, 8460.0000, 0.0000,  -90.0000, 8400.0000, 0.0000,  0, 255, 0
L 0.0000, 8400.0000, 0.0000,  0.0000, 8460.0000, 0.0000,  0, 255, 0
L -40.0000, 8400.0000, 0.0000,  -40.0000, 8460.0000, 0.0000,  0, 255, 0
L -40.0000, 8460.0000, 0.0000,  0.0000, 8460.0000, 0.0000,  0, 255, 0
L 20.0000, 8400.0000, 0.0000,  20.0000, 8430.0000, 0.0000,  0, 255, 0
L 20.0000, 8430.0000, 0.0000,  20.0000, 8460.0000, 0.0000,  0, 255, 0
L 20.0000, 8430.0000, 0.0000,  40.0000, 8430.0000, 0.0000,  0, 255, 0
L 60.0000, 8430.0000, 0.0000,  60.0000, 8400.0000, 0.0000,  0, 255, 0
L 20.0000, 8400.0000, 0.0000,  60.0000, 8400.0000, 0.0000,  0, 255, 0
L 40.0000, 8430.0000, 0.0000,  60.0000, 8430.0000, 0.0000,  0, 255, 0
L 60.0000, 8460.0000, 0.0000,  40.0000, 8430.0000, 0.0000,  0, 255, 0
L 80.0000, 8400.0000, 0.0000,  80.0000, 8430.0000, 0.0000,  0, 255, 0
L 80.0000, 8430.0000, 0.0000,  80.0000, 8460.0000, 0.0000,  0, 255, 0
L 80.0000, 8430.0000, 0.0000,  100.0000, 8430.0000, 0.0000,  0, 255, 0
L 120.0000, 8430.0000, 0.0000,  120.0000, 8400.0000, 0.0000,  0, 255, 0
L 80.0000, 8400.0000, 0.0000,  120.0000, 8400.0000, 0.0000,  0, 255, 0
L 100.0000, 8430.0000, 0.0000,  120.0000, 8430.0000, 0.0000,  0, 255, 0
L 120.0000, 8460.0000, 0.0000,  100.0000, 8430.0000, 0.0000,  0, 255, 0
L 140.0000, 8430.0000, 0.0000,  170.0000, 8430.0000, 0.0000,  0, 255, 0
L 140.0000, 8460.0000, 0.0000,  170.0000, 8460.0000, 0.0000,  0, 255, 0
L 140.0000, 8400.0000, 0.0000,  140.0000, 8460.0000, 0.0000,  0, 255, 0
L 170.0000, 8400.0000, 0.0000,  140.0000, 8400.0000, 0.0000,  0, 255, 0
L 220.0000, 8460.0000, 0.0000,  220.0000, 8400.0000, 0.0000,  0, 255, 0
L 190.0000, 8400.0000, 0.0000,  220.0000, 8460.0000, 0.0000,  0, 255, 0
L 190.0000, 8460.0000, 0.0000,  190.0000, 8400.0000, 0.0000,  0, 255, 0
L 270.0000, 8460.0000, 0.0000,  240.0000, 8460.0000, 0.0000,  0, 255, 0
L 240.0000, 8400.0000, 0.0000,  270.0000, 8400.0000, 0.0000,  0, 255, 0
L 240.0000, 8460.0000, 0.0000,  240.0000, 8400.0000, 0.0000,  0, 255, 0
L 310.0000, 8430.0000, 0.0000,  310.0000, 8460.0000, 0.0000,  0, 255, 0
L 310.0000, 8430.0000, 0.0000,  330.0000, 8400.0000, 0.0000,  0, 255, 0
L 290.0000, 8400.0000, 0.0000,  310.0000, 8430.0000, 0.0000,  0, 255, 0
L -500.0000, 8490.0000, 0.0000,  -500.0000, 8520.0000, 0.0000,  255, 0, 0
L -500.0000, 8550.0000, 0.0000,  -460.0000, 8550.0000, 0.0000,  255, 0, 0
L -460.0000, 8520.0000, 0.0000,  -500.0000, 8520.0000, 0.0000,  255, 0, 0
L -500.0000, 8490.0000, 0.0000,  -460.0000, 8490.0000, 0.0000,  255, 0, 0
L -460.0000, 8520.0000, 0.0000,  -460.0000, 8550.0000, 0.0000,  255, 0, 0
L -400.0000, 8490.0000, 0.0000,  -400.0000, 8550.0000, 0.0000,  255, 0, 0
L -440.0000, 8490.0000, 0.0000,  -440.0000, 8550.0000, 0.0000,  255, 0, 0
L -440.0000, 8550.0000, 0.0000,  -400.0000, 8550.0000, 0.0000,  255, 0, 0
L -350.0000, 8550.0000, 0.0000,  -380.0000, 8550.0000, 0.0000,  255, 0, 0
L -380.0000, 8490.0000, 0.0000,  -350.0000, 8490.0000, 0.0000,  255, 0, 0
L -380.0000, 8550.0000, 0.0000,  -380.0000, 8490.0000, 0.0000,  255, 0, 0
L -300.0000, 8550.0000, 0.0000,  -330.0000, 8550.0000, 0.0000,  255, 0, 0
L -330.0000, 8490.0000, 0.0000,  -300.0000, 8490.0000, 0.0000,  255, 0, 0
L -330.0000, 8550.0000, 0.0000,  -330.0000, 8490.0000, 0.0000,  255, 0, 0
L -280.0000, 8490.0000, 0.0000,  -250.0000, 8490.0000, 0.0000,  255, 0, 0
L -280.0000, 8550.0000, 0.0000,  -250.0000, 8550.0000, 0.0000,  255, 0, 0
L -280.0000, 8490.0000, 0.0000,  -280.0000, 8550.0000, 0.0000,  255, 0, 0
L -250.0000, 8490.0000, 0.0000,  -250.0000, 8550.0000, 0.0000,  255, 0, 0
L -230.0000, 8490.0000, 0.0000,  -230.0000, 8520.0000, 0.0000,  255, 0, 0
L -230.0000, 8520.0000, 0.0000,  -230.0000, 8550.0000, 0.0000,  255, 0, 0
L -230.0000, 8520.0000, 0.0000,  -210.0000, 8520.0000, 0.0000,  255, 0, 0
L -190.0000, 8520.0000, 0.0000,  -190.0000, 8490.0000, 0.0000,  255, 0, 0
L -230.0000, 8490.0000, 0.0000,  -190.0000, 8490.0000, 0.0000,  255, 0, 0
L -210.0000, 8520.0000, 0.0000,  -190.0000, 8520.0000, 0.0000,  255, 0, 0
L -190.0000, 8550.0000, 0.0000,  -210.0000, 8520.0000, 0.0000,  255, 0, 0
L -480.0000, 8580.0000, 0.0000,  -480.0000, 8640.0000, 0.0000,  255, 255, 0
L -500.0000, 8580.0000, 0.0000,  -460.0000, 8580.0000, 0.0000,  255, 255, 0
L -440.0000, 8610.0000, 0.0000,  -410.0000, 8610.0000, 0.0000,  255, 255, 0
L -440.0000, 8640.0000, 0.0000,  -410.0000, 8640.0000, 0.0000,  255, 255, 0
L -440.0000, 8580.0000, 0.0000,  -440.0000, 8640.0000, 0.0000,  255, 255, 0
L -410.0000, 8580.0000, 0.0000,  -440.0000, 8580.0000, 0.0000,  255, 255, 0
L -390.0000, 8580.0000, 0.0000,  -390.0000, 8640.0000, 0.0000,  255, 255, 0
L -350.0000, 8640.0000, 0.0000,  -390.0000, 8640.0000, 0.0000,  255, 255, 0
L -330.0000, 8610.0000, 0.0000,  -300.0000, 8610.0000, 0.0000,  255, 255, 0
L -330.0000, 8640.0000, 0.0000,  -300.0000, 8640.0000, 0.0000,  255, 255, 0
L -330.0000, 8580.0000, 0.0000,  -330.0000, 8640.0000, 0.0000,  255, 255, 0
L -300.0000, 8580.0000, 0.0000,  -330.0000, 8580.0000, 0.0000,  255, 255, 0
L -250.0000, 8610.0000, 0.0000,  -280.0000, 8610.0000, 0.0000,  255, 255, 0
L -250.0000, 8580.0000, 0.0000,  -250.0000, 8610.0000, 0.0000,  255, 255, 0
L -280.0000, 8580.0000, 0.0000,  -250.0000, 8580.0000, 0.0000,  255, 255, 0
L -280.0000, 8640.0000, 0.0000,  -280.0000, 8580.0000, 0.0000,  255, 255, 0
L -230.0000, 8580.0000, 0.0000,  -200.0000, 8580.0000, 0.0000,  255, 255, 0
L -230.0000, 8640.0000, 0.0000,  -200.0000, 8640.0000, 0.0000,  255, 255, 0
L -230.0000, 8580.0000, 0.0000,  -230.0000, 8640.0000, 0.0000,  255, 255, 0
L -200.0000, 8580.0000, 0.0000,  -200.0000, 8640.0000, 0.0000,  255, 255, 0
L -180.0000, 8580.0000, 0.0000,  -180.0000, 8610.0000, 0.0000,  255, 255, 0
L -180.0000, 8610.0000, 0.0000,  -180.0000, 8640.0000, 0.0000,  255, 255, 0
L -180.0000, 8610.0000, 0.0000,  -160.0000, 8610.0000, 0.0000,  255, 255, 0
L -140.0000, 8610.0000, 0.0000,  -140.0000, 8580.0000, 0.0000,  255, 255, 0
L -180.0000, 8580.0000, 0.0000,  -140.0000, 8580.0000, 0.0000,  255, 255, 0
L -160.0000, 8610.0000, 0.0000,  -140.0000, 8610.0000, 0.0000,  255, 255, 0
L -140.0000, 8640.0000, 0.0000,  -160.0000, 8610.0000, 0.0000,  255, 255, 0
L -100.0000, 8580.0000, 0.0000,  -100.0000, 8640.0000, 0.0000,  255, 255, 0
L -120.0000, 8580.0000, 0.0000,  -80.0000, 8580.0000, 0.0000,  255, 255, 0
L -480.0000, 8670.0000, 0.0000,  -480.0000, 8730.0000, 0.0000,  128, 0, 128
L -500.0000, 8670.0000, 0.0000,  -460.0000, 8670.0000, 0.0000,  128, 0, 128
L -440.0000, 8670.0000, 0.0000,  -440.0000, 8700.0000, 0.0000,  128, 0, 128
L -440.0000, 8700.0000, 0.0000,  -440.0000, 8730.0000, 0.0000,  128, 0, 128
L -440.0000, 8700.0000, 0.0000,  -420.0000, 8700.0000, 0.0000,  128, 0, 128
L -400.0000, 8700.0000, 0.0000,  -400.0000, 8670.0000, 0.0000,  128, 0, 128
L -440.0000, 8670.0000, 0.0000,  -400.0000, 8670.0000, 0.0000,  128, 0, 128
L -420.0000, 8700.0000, 0.0000,  -400.0000, 8700.0000, 0.0000,  128, 0, 128
L -400.0000, 8730.0000, 0.0000,  -420.0000, 8700.0000, 0.0000,  128, 0, 128
L -370.0000, 8700.0000, 0.0000,  -350.0000, 8700.0000, 0.0000,  128, 0, 128
L -360.0000, 8670.0000, 0.0000,  -340.0000, 8730.0000, 0.0000,  128, 0, 128
L -380.0000, 8730.0000, 0.0000,  -360.0000, 8670.0000, 0.0000,  128, 0, 128
L -310.0000, 8730.0000, 0.0000,  -310.0000, 8670.0000, 0.0000,  128, 0, 128
L -300.0000, 8730.0000, 0.0000,  -320.0000, 8730.0000, 0.0000,  128, 0, 128
L -290.0000, 8700.0000, 0.0000,  -300.0000, 8730.0000, 0.0000,  128, 0, 128
L -300.0000, 8670.0000, 0.0000,  -290.0000, 8700.0000, 0.0000,  128, 0, 128
L -320.0000, 8670.0000, 0.0000,  -300.0000, 8670.0000, 0.0000,  128, 0, 128
L -270.0000, 8700.0000, 0.0000,  -240.0000, 8700.0000, 0.0000,  128, 0, 128
L -270.0000, 8730.0000, 0.0000,  -240.0000, 8730.0000, 0.0000,  128, 0, 128
L -270.0000, 8670.0000, 0.0000,  -270.0000, 8730.0000, 0.0000,  128, 0, 128
L -240.0000, 8670.0000, 0.0000,  -270.0000, 8670.0000, 0.0000,  128, 0, 128
L -220.0000, 8670.0000, 0.0000,  -220.0000, 8700.0000, 0.0000,  128, 0, 128
L -220.0000, 8730.0000, 0.0000,  -180.0000, 8730.0000, 0.0000,  128, 0, 128
L -180.0000, 8700.0000, 0.0000,  -220.0000, 8700.0000, 0.0000,  128, 0, 128
L -220.0000, 8670.0000, 0.0000,  -180.0000, 8670.0000, 0.0000,  128, 0, 128
L -180.0000, 8700.0000, 0.0000,  -180.0000, 8730.0000, 0.0000,  128, 0, 128
L -160.0000, 8670.0000, 0.0000,  -160.0000, 8700.0000, 0.0000,  128, 0, 128
L -160.0000, 8700.0000, 0.0000,  -160.0000, 8730.0000, 0.0000,  128, 0, 128
L -160.0000, 8700.0000, 0.0000,  -120.0000, 8730.0000, 0.0000,  128, 0, 128
L -160.0000, 8700.0000, 0.0000,  -120.0000, 8670.0000, 0.0000,  128, 0, 128
L -100.0000, 8670.0000, 0.0000,  -100.0000, 8730.0000, 0.0000,  128, 0, 128
L -80.0000, 8670.0000, 0.0000,  -80.0000, 8730.0000, 0.0000,  128, 0, 128
L -40.0000, 8730.0000, 0.0000,  -80.0000, 8730.0000, 0.0000,  128, 0, 128
L -20.0000, 8670.0000, 0.0000,  -20.0000, 8730.0000, 0.0000,  128, 0, 128
L 20.0000, 8730.0000, 0.0000,  -20.0000, 8730.0000, 0.0000,  128, 0, 128
L 130.0000, 8730.0000, 0.0000,  100.0000, 8730.0000, 0.0000,  128, 0, 128
L 100.0000, 8670.0000, 0.0000,  130.0000, 8670.0000, 0.0000,  128, 0, 128
L 100.0000, 8730.0000, 0.0000,  100.0000, 8670.0000, 0.0000,  128, 0, 128
L 150.0000, 8670.0000, 0.0000,  180.0000, 8670.0000, 0.0000,  128, 0, 128
L 150.0000, 8730.0000, 0.0000,  180.0000, 8730.0000, 0.0000,  128, 0, 128
L 150.0000, 8670.0000, 0.0000,  150.0000, 8730.0000, 0.0000,  128, 0, 128
L 180.0000, 8670.0000, 0.0000,  180.0000, 8730.0000, 0.0000,  128, 0, 128
L 230.0000, 8730.0000, 0.0000,  230.0000, 8670.0000, 0.0000,  128, 0, 128
L 200.0000, 8670.0000, 0.0000,  230.0000, 8730.0000, 0.0000,  128, 0, 128
L 200.0000, 8730.0000, 0.0000,  200.0000, 8670.0000, 0.0000,  128, 0, 128
L 270.0000, 8670.0000, 0.0000,  270.0000, 8730.0000, 0.0000,  128, 0, 128
L 250.0000, 8670.0000, 0.0000,  290.0000, 8670.0000, 0.0000,  128, 0, 128
L 320.0000, 8700.0000, 0.0000,  340.0000, 8700.0000, 0.0000,  128, 0, 128
L 330.0000, 8670.0000, 0.0000,  350.0000, 8730.0000, 0.0000,  128, 0, 128
L 310.0000, 8730.0000, 0.0000,  330.0000, 8670.0000, 0.0000,  128, 0, 128
L 370.0000, 8670.0000, 0.0000,  370.0000, 8730.0000, 0.0000,  128, 0, 128
L 420.0000, 8730.0000, 0.0000,  420.0000, 8670.0000, 0.0000,  128, 0, 128
L 390.0000, 8670.0000, 0.0000,  420.0000, 8730.0000, 0.0000,  128, 0, 128
L 390.0000, 8730.0000, 0.0000,  390.0000, 8670.0000, 0.0000,  128, 0, 128
L 440.0000, 8700.0000, 0.0000,  470.0000, 8700.0000, 0.0000,  128, 0, 128
L 440.0000, 8730.0000, 0.0000,  470.0000, 8730.0000, 0.0000,  128, 0, 128
L 440.0000, 8670.0000, 0.0000,  440.0000, 8730.0000, 0.0000,  128, 0, 128
L 470.0000, 8670.0000, 0.0000,  440.0000, 8670.0000, 0.0000,  128, 0, 128
L 490.0000, 8670.0000, 0.0000,  490.0000, 8700.0000, 0.0000,  128, 0, 128
L 490.0000, 8700.0000, 0.0000,  490.0000, 8730.0000, 0.0000,  128, 0, 128
L 490.0000, 8700.0000, 0.0000,  510.0000, 8700.0000, 0.0000,  128, 0, 128
L 530.0000, 8700.0000, 0.0000,  530.0000, 8670.0000, 0.0000,  128, 0, 128
L 490.0000, 8670.0000, 0.0000,  530.0000, 8670.0000, 0.0000,  128, 0, 128
L 510.0000, 8700.0000, 0.0000,  530.0000, 8700.0000, 0.0000,  128, 0, 128
L 530.0000, 8730.0000, 0.0000,  510.0000, 8700.0000, 0.0000,  128, 0, 128
L -480.0000, 8760.0000, 0.0000,  -480.0000, 8820.0000, 0.0000,  255, 255, 0
L -500.0000, 8760.0000, 0.0000,  -460.0000, 8760.0000, 0.0000,  255, 255, 0
L -440.0000, 8760.0000, 0.0000,  -440.0000, 8790.0000, 0.0000,  255, 255, 0
L -440.0000, 8790.0000, 0.0000,  -440.0000, 8820.0000, 0.0000,  255, 255, 0
L -440.0000, 8790.0000, 0.0000,  -420.0000, 8790.0000, 0.0000,  255, 255, 0
L -400.0000, 8790.0000, 0.0000,  -400.0000, 8760.0000, 0.0000,  255, 255, 0
L -440.0000, 8760.0000, 0.0000,  -400.0000, 8760.0000, 0.0000,  255, 255, 0
L -420.0000, 8790.0000, 0.0000,  -400.0000, 8790.0000, 0.0000,  255, 255, 0
L -400.0000, 8820.0000, 0.0000,  -420.0000, 8790.0000, 0.0000,  255, 255, 0
L -370.0000, 8790.0000, 0.0000,  -350.0000, 8790.0000, 0.0000,  255, 255, 0
L -360.0000, 8760.0000, 0.0000,  -340.0000, 8820.0000, 0.0000,  255, 255, 0
L -380.0000, 8820.0000, 0.0000,  -360.0000, 8760.0000, 0.0000,  255, 255, 0
L -290.0000, 8790.0000, 0.0000,  -320.0000, 8790.0000, 0.0000,  255, 255, 0
L -290.0000, 8760.0000, 0.0000,  -290.0000, 8790.0000, 0.0000,  255, 255, 0
L -320.0000, 8760.0000, 0.0000,  -290.0000, 8760.0000, 0.0000,  255, 255, 0
L -320.0000, 8820.0000, 0.0000,  -320.0000, 8760.0000, 0.0000,  255, 255, 0
L -470.0000, 8850.0000, 0.0000,  -500.0000, 8850.0000, 0.0000,  255, 0, 0
L -500.0000, 8910.0000, 0.0000,  -470.0000, 8850.0000, 0.0000,  255, 0, 0
L -500.0000, 8910.0000, 0.0000,  -470.0000, 8910.0000, 0.0000,  255, 0, 0
L -450.0000, 8850.0000, 0.0000,  -420.0000, 8850.0000, 0.0000,  255, 0, 0
L -450.0000, 8910.0000, 0.0000,  -420.0000, 8910.0000, 0.0000,  255, 0, 0
L -450.0000, 8850.0000, 0.0000,  -450.0000, 8910.0000, 0.0000,  255, 0, 0
L -420.0000, 8850.0000, 0.0000,  -420.0000, 8910.0000, 0.0000,  255, 0, 0
L -370.0000, 8910.0000, 0.0000,  -370.0000, 8850.0000, 0.0000,  255, 0, 0
L -400.0000, 8850.0000, 0.0000,  -370.0000, 8910.0000, 0.0000,  255, 0, 0
L -400.0000, 8910.0000, 0.0000,  -400.0000, 8850.0000, 0.0000,  255, 0, 0
L -350.0000, 8880.0000, 0.0000,  -320.0000, 8880.0000, 0.0000,  255, 0, 0
L -350.0000, 8910.0000, 0.0000,  -320.0000, 8910.0000, 0.0000,  255, 0, 0
L -350.0000, 8850.0000, 0.0000,  -350.0000, 8910.0000, 0.0000,  255, 0, 0
L -320.0000, 8850.0000, 0.0000,  -350.0000, 8850.0000, 0.0000,  255, 0, 0
P -1500.0000, 7200.0000, 0.0000,  0, 0, 0,  2,  Revised_Map:_Brewall_Rainsiger_(Cazic-Thule)
P -1500.0000, 7400.0000, 0.0000,  0, 0, 0,  2,  http://www.eqmaps.info
P -1500.0000, 7600.0000, 0.0000,  0, 0, 0,  2,  Return_of_the_Exiled_(www.roteguild.org)
P -1500.0000, 7800.0000, 0.0000,  127, 64, 0,  2,  A_Twisted_Strangler_PH=_an_okiina_vinethrasher
P -1500.0000, 8000.0000, 0.0000,  127, 64, 0,  2,  An_Ancient_Selyrah_PH=_a_braxi_fungus_seeker
P -1500.0000, 8200.0000, 0.0000,  127, 64, 0,  2,  Blightwing_PH=_a_ravenous_wyvern
P -1500.0000, 8400.0000, 0.0000,  127, 64, 0,  2,  Bonecraker_PH=_a_goral_leafstalker
P -1500.0000, 8600.0000, 0.0000,  127, 64, 0,  2,  Bonecruncher_PH=_a_grendlaen_pouncer
P -1500.0000, 8800.0000, 0.0000,  127, 64, 0,  2,  Bopo_PH=_a_loathsome_ape
P -1500.0000, 9000.0000, 0.0000,  127, 64, 0,  2,  Deathglider_PH=_a_monstrous_wyvern
P -1500.0000, 9200.0000, 0.0000,  127, 64, 0,  2,  Deathleaper_PH=_a_rampaging_wyvern
P -1500.0000, 9400.0000, 0.0000,  127, 64, 0,  2,  Deathsquirm_PH=_a_fierce_wyvern
P -1500.0000, 9600.0000, 0.0000,  127, 64, 0,  2,  Elder_Gotikan_PH=_a_domain_hunter
P -1500.0000, 9800.0000, 0.0000,  127, 64, 0,  2,  Jorth_Hunter_of_Beasts_PH=_a_domain_hunter
P -1500.0000, 10000.0000, 0.0000,  127, 64, 0,  2,  Karn_the_Hunter_PH=_an_alaran_wilder
P -1500.0000, 10200.0000, 0.0000,  127, 64, 0,  2,  King_Rex_PH=_a_giant_binaesa
P -1500.0000, 10400.0000, 0.0000,  127, 64, 0,  2,  Maw_Lurker_PH=_a_lashtail_crocodile
P -1500.0000, 10600.0000, 0.0000,  127, 64, 0,  2,  Nighthowl_PH=_a_naeya_scavenger
P -1500.0000, 10800.0000, 0.0000,  127, 64, 0,  2,  Nightleaper_PH=_a_goral_hunter
P -1500.0000, 11000.0000, 0.0000,  127, 64, 0,  2,  Ribcrusher_PH=_a_stealthy_grendlaen
P -1500.0000, 11200.0000, 0.0000,  127, 64, 0,  2,  Slaughter_PH=_an_izon
P -1500.0000, 11400.0000, 0.0000,  127, 64, 0,  2,  Stonebark_PH=_a_braxi_swiftrunner
P -1500.0000, 11600.0000, 0.0000,  127, 64, 0,  2,  Stranglefang_PH=_a_terrible_raptor
P -1500.0000, 11800.0000, 0.0000,  127, 64, 0,  2,  Swiftwind_PH=_a_bloodthirsty_wyvern
P -1500.0000, 12000.0000, 0.0000,  127, 64, 0,  2,  Tangledeath_PH=_an_okiina_vinethrasher
P -1500.0000, 12200.0000, 0.0000,  127, 64, 0,  2,  Thundercut_PH=_a_braxi
P -1500.0000, 12400.0000, 0.0000,  127, 64, 0,  2,  Thunderpunch_PH=_a_tainted_ape
P -1500.0000, 12600.0000, 0.0000,  127, 64, 0,  2,  Willowcrush_PH=_an_izon_rootgrabber
