L 1000.0000, 0.0000, 0.0000,  1000.0000, -50.0000, 0.0000,  255, 0, 0
L -20.0000, 50.0000, 0.0000,  -50.0000, 20.0000, 0.0000,  255, 0, 0
L 50.0000, 20.0000, 0.0000,  20.0000, 50.0000, 0.0000,  255, 0, 0
L 20.0000, -50.0000, 0.0000,  50.0000, -20.0000, 0.0000,  255, 0, 0
L -50.0000, -20.0000, 0.0000,  -20.0000, -50.0000, 0.0000,  255, 0, 0
L -50.0000, 20.0000, 0.0000,  -50.0000, -20.0000, 0.0000,  255, 0, 0
L 20.0000, 50.0000, 0.0000,  -20.0000, 50.0000, 0.0000,  255, 0, 0
L 50.0000, -20.0000, 0.0000,  50.0000, 20.0000, 0.0000,  255, 0, 0
L -20.0000, -50.0000, 0.0000,  20.0000, -50.0000, 0.0000,  255, 0, 0
L 580.0000, -20.0000, 0.0000,  540.0000, -20.0000, 0.0000,  255, 0, 0
L 580.0000, -90.0000, 0.0000,  580.0000, -20.0000, 0.0000,  255, 0, 0
L 540.0000, -90.0000, 0.0000,  580.0000, -90.0000, 0.0000,  255, 0, 0
L 540.0000, -20.0000, 0.0000,  540.0000, -90.0000, 0.0000,  255, 0, 0
L 520.0000, -20.0000, 0.0000,  480.0000, -20.0000, 0.0000,  255, 0, 0
L 520.0000, -90.0000, 0.0000,  520.0000, -20.0000, 0.0000,  255, 0, 0
L 480.0000, -90.0000, 0.0000,  520.0000, -90.0000, 0.0000,  255, 0, 0
L 480.0000, -20.0000, 0.0000,  480.0000, -90.0000, 0.0000,  255, 0, 0
L 460.0000, -90.0000, 0.0000,  450.0000, -80.0000, 0.0000,  255, 0, 0
L 460.0000, -20.0000, 0.0000,  460.0000, -90.0000, 0.0000,  255, 0, 0
L 0.0000, -250.0000, 0.0000,  0.0000, 250.0000, 0.0000,  255, 0, 0
L -250.0000, 0.0000, 0.0000,  1000.0000, 0.0000, 0.0000,  255, 0, 0
L -120.0000, -80.0000, 0.0000,  -120.0000, -60.0000, 0.0000,  255, 0, 0
L -120.0000, -60.0000, 0.0000,  -120.0000, -40.0000, 0.0000,  255, 0, 0
L -100.0000, -60.0000, 0.0000,  -120.0000, -60.0000, 0.0000,  255, 0, 0
L -120.0000, -60.0000, 0.0000,  -140.0000, -60.0000, 0.0000,  255, 0, 0
L -90.0000, -50.0000, 0.0000,  -100.0000, -30.0000, 0.0000,  255, 0, 0
L -60.0000, -80.0000, 0.0000,  -60.0000, -60.0000, 0.0000,  255, 0, 0
L -60.0000, -60.0000, 0.0000,  -60.0000, -40.0000, 0.0000,  255, 0, 0
L -40.0000, -60.0000, 0.0000,  -60.0000, -60.0000, 0.0000,  255, 0, 0
L -60.0000, -60.0000, 0.0000,  -80.0000, -60.0000, 0.0000,  255, 0, 0
L 100.0000, 60.0000, 0.0000,  120.0000, 60.0000, 0.0000,  255, 0, 0
L 120.0000, 60.0000, 0.0000,  140.0000, 60.0000, 0.0000,  255, 0, 0
L 90.0000, 70.0000, 0.0000,  80.0000, 90.0000, 0.0000,  255, 0, 0
L 40.0000, 60.0000, 0.0000,  60.0000, 60.0000, 0.0000,  255, 0, 0
L 60.0000, 60.0000, 0.0000,  80.0000, 60.0000, 0.0000,  255, 0, 0
L -100.0000, 60.0000, 0.0000,  -120.0000, 60.0000, 0.0000,  255, 0, 0
L -120.0000, 60.0000, 0.0000,  -140.0000, 60.0000, 0.0000,  255, 0, 0
L -90.0000, 70.0000, 0.0000,  -100.0000, 90.0000, 0.0000,  255, 0, 0
L -60.0000, 80.0000, 0.0000,  -60.0000, 60.0000, 0.0000,  255, 0, 0
L -60.0000, 60.0000, 0.0000,  -60.0000, 40.0000, 0.0000,  255, 0, 0
L -40.0000, 60.0000, 0.0000,  -60.0000, 60.0000, 0.0000,  255, 0, 0
L -60.0000, 60.0000, 0.0000,  -80.0000, 60.0000, 0.0000,  255, 0, 0
L 100.0000, -60.0000, 0.0000,  120.0000, -60.0000, 0.0000,  255, 0, 0
L 120.0000, -60.0000, 0.0000,  140.0000, -60.0000, 0.0000,  255, 0, 0
L 90.0000, -50.0000, 0.0000,  80.0000, -30.0000, 0.0000,  255, 0, 0
L 60.0000, -80.0000, 0.0000,  60.0000, -60.0000, 0.0000,  255, 0, 0
L 60.0000, -60.0000, 0.0000,  60.0000, -40.0000, 0.0000,  255, 0, 0
L 40.0000, -60.0000, 0.0000,  60.0000, -60.0000, 0.0000,  255, 0, 0
L 60.0000, -60.0000, 0.0000,  80.0000, -60.0000, 0.0000,  255, 0, 0
L 599.0000, -90.0000, 0.0000,  637.3000, -90.0000, 0.0000,  255, 0, 0
L 599.0000, -20.0000, 0.0000,  637.3000, -20.0000, 0.0000,  255, 0, 0
L 599.0000, -90.0000, 0.0000,  599.0000, -20.0000, 0.0000,  255, 0, 0
L 637.3000, -90.0000, 0.0000,  637.3000, -20.0000, 0.0000,  255, 0, 0
L 787.0000, 1911.0000, 0.0000,  787.0000, 1971.0000, 0.0000,  0, 0, 0
L 827.0000, 1971.0000, 0.0000,  787.0000, 1971.0000, 0.0000,  0, 0, 0
L 847.0000, 1941.0000, 0.0000,  877.0000, 1941.0000, 0.0000,  0, 0, 0
L 847.0000, 1971.0000, 0.0000,  877.0000, 1971.0000, 0.0000,  0, 0, 0
L 847.0000, 1911.0000, 0.0000,  847.0000, 1971.0000, 0.0000,  0, 0, 0
L 877.0000, 1911.0000, 0.0000,  847.0000, 1911.0000, 0.0000,  0, 0, 0
L 927.0000, 1971.0000, 0.0000,  897.0000, 1971.0000, 0.0000,  0, 0, 0
L 897.0000, 1911.0000, 0.0000,  927.0000, 1911.0000, 0.0000,  0, 0, 0
L 897.0000, 1971.0000, 0.0000,  897.0000, 1911.0000, 0.0000,  0, 0, 0
L 927.0000, 1971.0000, 0.0000,  927.0000, 1941.0000, 0.0000,  0, 0, 0
L 927.0000, 1941.0000, 0.0000,  907.0000, 1941.0000, 0.0000,  0, 0, 0
L 947.0000, 1941.0000, 0.0000,  977.0000, 1941.0000, 0.0000,  0, 0, 0
L 947.0000, 1971.0000, 0.0000,  977.0000, 1971.0000, 0.0000,  0, 0, 0
L 947.0000, 1911.0000, 0.0000,  947.0000, 1971.0000, 0.0000,  0, 0, 0
L 977.0000, 1911.0000, 0.0000,  947.0000, 1911.0000, 0.0000,  0, 0, 0
L 1027.0000, 1971.0000, 0.0000,  1027.0000, 1911.0000, 0.0000,  0, 0, 0
L 997.0000, 1911.0000, 0.0000,  1027.0000, 1971.0000, 0.0000,  0, 0, 0
L 997.0000, 1971.0000, 0.0000,  997.0000, 1911.0000, 0.0000,  0, 0, 0
L 1057.0000, 1971.0000, 0.0000,  1057.0000, 1911.0000, 0.0000,  0, 0, 0
L 1067.0000, 1971.0000, 0.0000,  1047.0000, 1971.0000, 0.0000,  0, 0, 0
L 1077.0000, 1941.0000, 0.0000,  1067.0000, 1971.0000, 0.0000,  0, 0, 0
L 1067.0000, 1911.0000, 0.0000,  1077.0000, 1941.0000, 0.0000,  0, 0, 0
L 1047.0000, 1911.0000, 0.0000,  1067.0000, 1911.0000, 0.0000,  0, 0, 0
L 787.0000, 2081.0000, 0.0000,  847.0000, 2081.0000, 0.0000,  0, 0, 0
L 787.0000, 2001.0000, 0.0000,  847.0000, 2001.0000, 0.0000,  0, 0, 0
L 817.0000, 2054.0000, 0.0000,  817.0000, 2028.0000, 0.0000,  205, 133, 63
L 847.0000, 2081.0000, 0.0000,  907.0000, 2081.0000, 0.0000,  0, 0, 0
L 847.0000, 2081.0000, 0.0000,  847.0000, 2054.0000, 0.0000,  205, 133, 63
L 817.0000, 2054.0000, 0.0000,  877.0000, 2054.0000, 0.0000,  205, 133, 63
L 817.0000, 2028.0000, 0.0000,  847.0000, 2028.0000, 0.0000,  205, 133, 63
L 847.0000, 2028.0000, 0.0000,  877.0000, 2028.0000, 0.0000,  205, 133, 63
L 847.0000, 2001.0000, 0.0000,  907.0000, 2001.0000, 0.0000,  0, 0, 0
L 847.0000, 2028.0000, 0.0000,  847.0000, 2001.0000, 0.0000,  205, 133, 63
L 877.0000, 2054.0000, 0.0000,  877.0000, 2028.0000, 0.0000,  205, 133, 63
L 957.0000, 2071.0000, 0.0000,  957.0000, 2011.0000, 0.0000,  0, 0, 0
L 967.0000, 2071.0000, 0.0000,  947.0000, 2071.0000, 0.0000,  0, 0, 0
L 977.0000, 2041.0000, 0.0000,  967.0000, 2071.0000, 0.0000,  0, 0, 0
L 967.0000, 2011.0000, 0.0000,  977.0000, 2041.0000, 0.0000,  0, 0, 0
L 947.0000, 2011.0000, 0.0000,  967.0000, 2011.0000, 0.0000,  0, 0, 0
L 997.0000, 2011.0000, 0.0000,  1027.0000, 2011.0000, 0.0000,  0, 0, 0
L 997.0000, 2071.0000, 0.0000,  1027.0000, 2071.0000, 0.0000,  0, 0, 0
L 997.0000, 2011.0000, 0.0000,  997.0000, 2071.0000, 0.0000,  0, 0, 0
L 1027.0000, 2011.0000, 0.0000,  1027.0000, 2071.0000, 0.0000,  0, 0, 0
L 1047.0000, 2011.0000, 0.0000,  1077.0000, 2011.0000, 0.0000,  0, 0, 0
L 1047.0000, 2071.0000, 0.0000,  1077.0000, 2071.0000, 0.0000,  0, 0, 0
L 1047.0000, 2011.0000, 0.0000,  1047.0000, 2071.0000, 0.0000,  0, 0, 0
L 1077.0000, 2011.0000, 0.0000,  1077.0000, 2071.0000, 0.0000,  0, 0, 0
L 1097.0000, 2011.0000, 0.0000,  1097.0000, 2041.0000, 0.0000,  0, 0, 0
L 1097.0000, 2041.0000, 0.0000,  1097.0000, 2071.0000, 0.0000,  0, 0, 0
L 1097.0000, 2041.0000, 0.0000,  1117.0000, 2041.0000, 0.0000,  0, 0, 0
L 1137.0000, 2041.0000, 0.0000,  1137.0000, 2011.0000, 0.0000,  0, 0, 0
L 1097.0000, 2011.0000, 0.0000,  1137.0000, 2011.0000, 0.0000,  0, 0, 0
L 1117.0000, 2041.0000, 0.0000,  1137.0000, 2041.0000, 0.0000,  0, 0, 0
L 1137.0000, 2071.0000, 0.0000,  1117.0000, 2041.0000, 0.0000,  0, 0, 0
L 787.0000, 2121.0000, 0.0000,  787.0000, 2151.0000, 0.0000,  255, 210, 0
L 787.0000, 2121.0000, 0.0000,  807.0000, 2121.0000, 0.0000,  255, 210, 0
L 807.0000, 2181.0000, 0.0000,  787.0000, 2181.0000, 0.0000,  255, 210, 0
L 787.0000, 2151.0000, 0.0000,  787.0000, 2181.0000, 0.0000,  255, 210, 0
L 807.0000, 2151.0000, 0.0000,  787.0000, 2151.0000, 0.0000,  255, 210, 0
L 807.0000, 2151.0000, 0.0000,  827.0000, 2136.0000, 0.0000,  255, 210, 0
L 807.0000, 2121.0000, 0.0000,  827.0000, 2136.0000, 0.0000,  255, 210, 0
L 807.0000, 2151.0000, 0.0000,  827.0000, 2166.0000, 0.0000,  255, 210, 0
L 827.0000, 2166.0000, 0.0000,  807.0000, 2181.0000, 0.0000,  255, 210, 0
L 857.0000, 2151.0000, 0.0000,  877.0000, 2151.0000, 0.0000,  255, 210, 0
L 867.0000, 2121.0000, 0.0000,  887.0000, 2181.0000, 0.0000,  255, 210, 0
L 847.0000, 2181.0000, 0.0000,  867.0000, 2121.0000, 0.0000,  255, 210, 0
L 937.0000, 2181.0000, 0.0000,  937.0000, 2121.0000, 0.0000,  255, 210, 0
L 907.0000, 2121.0000, 0.0000,  937.0000, 2181.0000, 0.0000,  255, 210, 0
L 907.0000, 2181.0000, 0.0000,  907.0000, 2121.0000, 0.0000,  255, 210, 0
L 957.0000, 2121.0000, 0.0000,  957.0000, 2151.0000, 0.0000,  255, 210, 0
L 957.0000, 2151.0000, 0.0000,  957.0000, 2181.0000, 0.0000,  255, 210, 0
L 957.0000, 2151.0000, 0.0000,  997.0000, 2181.0000, 0.0000,  255, 210, 0
L 957.0000, 2151.0000, 0.0000,  997.0000, 2121.0000, 0.0000,  255, 210, 0
L 1017.0000, 2151.0000, 0.0000,  1047.0000, 2151.0000, 0.0000,  255, 210, 0
L 1017.0000, 2181.0000, 0.0000,  1047.0000, 2181.0000, 0.0000,  255, 210, 0
L 1017.0000, 2121.0000, 0.0000,  1017.0000, 2181.0000, 0.0000,  255, 210, 0
L 1047.0000, 2121.0000, 0.0000,  1017.0000, 2121.0000, 0.0000,  255, 210, 0
L 1067.0000, 2121.0000, 0.0000,  1067.0000, 2151.0000, 0.0000,  255, 210, 0
L 1067.0000, 2151.0000, 0.0000,  1067.0000, 2181.0000, 0.0000,  255, 210, 0
L 1067.0000, 2151.0000, 0.0000,  1087.0000, 2151.0000, 0.0000,  255, 210, 0
L 1107.0000, 2151.0000, 0.0000,  1107.0000, 2121.0000, 0.0000,  255, 210, 0
L 1067.0000, 2121.0000, 0.0000,  1107.0000, 2121.0000, 0.0000,  255, 210, 0
L 1087.0000, 2151.0000, 0.0000,  1107.0000, 2151.0000, 0.0000,  255, 210, 0
L 1107.0000, 2181.0000, 0.0000,  1087.0000, 2151.0000, 0.0000,  255, 210, 0
L 817.0000, 2271.0000, 0.0000,  787.0000, 2271.0000, 0.0000,  255, 255, 255
L 787.0000, 2211.0000, 0.0000,  817.0000, 2211.0000, 0.0000,  255, 255, 255
L 787.0000, 2271.0000, 0.0000,  787.0000, 2211.0000, 0.0000,  255, 255, 255
L 837.0000, 2211.0000, 0.0000,  867.0000, 2211.0000, 0.0000,  255, 255, 255
L 837.0000, 2271.0000, 0.0000,  867.0000, 2271.0000, 0.0000,  255, 255, 255
L 837.0000, 2211.0000, 0.0000,  837.0000, 2271.0000, 0.0000,  255, 255, 255
L 867.0000, 2211.0000, 0.0000,  867.0000, 2271.0000, 0.0000,  255, 255, 255
L 927.0000, 2211.0000, 0.0000,  927.0000, 2271.0000, 0.0000,  255, 255, 255
L 907.0000, 2241.0000, 0.0000,  927.0000, 2211.0000, 0.0000,  255, 255, 255
L 887.0000, 2211.0000, 0.0000,  907.0000, 2241.0000, 0.0000,  255, 255, 255
L 887.0000, 2271.0000, 0.0000,  887.0000, 2211.0000, 0.0000,  255, 255, 255
L 987.0000, 2211.0000, 0.0000,  987.0000, 2271.0000, 0.0000,  255, 255, 255
L 967.0000, 2241.0000, 0.0000,  987.0000, 2211.0000, 0.0000,  255, 255, 255
L 947.0000, 2211.0000, 0.0000,  967.0000, 2241.0000, 0.0000,  255, 255, 255
L 947.0000, 2271.0000, 0.0000,  947.0000, 2211.0000, 0.0000,  255, 255, 255
L 1007.0000, 2241.0000, 0.0000,  1037.0000, 2241.0000, 0.0000,  255, 255, 255
L 1007.0000, 2271.0000, 0.0000,  1037.0000, 2271.0000, 0.0000,  255, 255, 255
L 1007.0000, 2211.0000, 0.0000,  1007.0000, 2271.0000, 0.0000,  255, 255, 255
L 1037.0000, 2211.0000, 0.0000,  1007.0000, 2211.0000, 0.0000,  255, 255, 255
L 1087.0000, 2271.0000, 0.0000,  1087.0000, 2211.0000, 0.0000,  255, 255, 255
L 1057.0000, 2211.0000, 0.0000,  1087.0000, 2271.0000, 0.0000,  255, 255, 255
L 1057.0000, 2271.0000, 0.0000,  1057.0000, 2211.0000, 0.0000,  255, 255, 255
L 1127.0000, 2211.0000, 0.0000,  1127.0000, 2271.0000, 0.0000,  255, 255, 255
L 1107.0000, 2211.0000, 0.0000,  1147.0000, 2211.0000, 0.0000,  255, 255, 255
L 817.0000, 2361.0000, 0.0000,  787.0000, 2361.0000, 0.0000,  0, 0, 0
L 787.0000, 2301.0000, 0.0000,  817.0000, 2301.0000, 0.0000,  0, 0, 0
L 787.0000, 2361.0000, 0.0000,  787.0000, 2301.0000, 0.0000,  0, 0, 0
L 817.0000, 2361.0000, 0.0000,  817.0000, 2331.0000, 0.0000,  0, 0, 0
L 817.0000, 2331.0000, 0.0000,  797.0000, 2331.0000, 0.0000,  0, 0, 0
L 837.0000, 2331.0000, 0.0000,  867.0000, 2331.0000, 0.0000,  0, 0, 0
L 837.0000, 2361.0000, 0.0000,  867.0000, 2361.0000, 0.0000,  0, 0, 0
L 837.0000, 2301.0000, 0.0000,  837.0000, 2361.0000, 0.0000,  0, 0, 0
L 867.0000, 2301.0000, 0.0000,  837.0000, 2301.0000, 0.0000,  0, 0, 0
L 917.0000, 2361.0000, 0.0000,  917.0000, 2301.0000, 0.0000,  0, 0, 0
L 887.0000, 2301.0000, 0.0000,  917.0000, 2361.0000, 0.0000,  0, 0, 0
L 887.0000, 2361.0000, 0.0000,  887.0000, 2301.0000, 0.0000,  0, 0, 0
L 937.0000, 2331.0000, 0.0000,  967.0000, 2331.0000, 0.0000,  0, 0, 0
L 937.0000, 2361.0000, 0.0000,  967.0000, 2361.0000, 0.0000,  0, 0, 0
L 937.0000, 2301.0000, 0.0000,  937.0000, 2361.0000, 0.0000,  0, 0, 0
L 967.0000, 2301.0000, 0.0000,  937.0000, 2301.0000, 0.0000,  0, 0, 0
L 987.0000, 2301.0000, 0.0000,  987.0000, 2331.0000, 0.0000,  0, 0, 0
L 987.0000, 2331.0000, 0.0000,  987.0000, 2361.0000, 0.0000,  0, 0, 0
L 987.0000, 2331.0000, 0.0000,  1007.0000, 2331.0000, 0.0000,  0, 0, 0
L 1027.0000, 2331.0000, 0.0000,  1027.0000, 2301.0000, 0.0000,  0, 0, 0
L 987.0000, 2301.0000, 0.0000,  1027.0000, 2301.0000, 0.0000,  0, 0, 0
L 1007.0000, 2331.0000, 0.0000,  1027.0000, 2331.0000, 0.0000,  0, 0, 0
L 1027.0000, 2361.0000, 0.0000,  1007.0000, 2331.0000, 0.0000,  0, 0, 0
L 1057.0000, 2331.0000, 0.0000,  1077.0000, 2331.0000, 0.0000,  0, 0, 0
L 1067.0000, 2301.0000, 0.0000,  1087.0000, 2361.0000, 0.0000,  0, 0, 0
L 1047.0000, 2361.0000, 0.0000,  1067.0000, 2301.0000, 0.0000,  0, 0, 0
L 1107.0000, 2301.0000, 0.0000,  1107.0000, 2361.0000, 0.0000,  0, 0, 0
L 1147.0000, 2361.0000, 0.0000,  1107.0000, 2361.0000, 0.0000,  0, 0, 0
L 817.0000, 2451.0000, 0.0000,  787.0000, 2451.0000, 0.0000,  0, 0, 255
L 787.0000, 2391.0000, 0.0000,  817.0000, 2391.0000, 0.0000,  0, 0, 255
L 787.0000, 2451.0000, 0.0000,  787.0000, 2391.0000, 0.0000,  0, 0, 255
L 817.0000, 2451.0000, 0.0000,  817.0000, 2421.0000, 0.0000,  0, 0, 255
L 817.0000, 2421.0000, 0.0000,  797.0000, 2421.0000, 0.0000,  0, 0, 255
L 837.0000, 2391.0000, 0.0000,  837.0000, 2421.0000, 0.0000,  0, 0, 255
L 837.0000, 2421.0000, 0.0000,  837.0000, 2451.0000, 0.0000,  0, 0, 255
L 837.0000, 2421.0000, 0.0000,  857.0000, 2421.0000, 0.0000,  0, 0, 255
L 877.0000, 2421.0000, 0.0000,  877.0000, 2391.0000, 0.0000,  0, 0, 255
L 837.0000, 2391.0000, 0.0000,  877.0000, 2391.0000, 0.0000,  0, 0, 255
L 857.0000, 2421.0000, 0.0000,  877.0000, 2421.0000, 0.0000,  0, 0, 255
L 877.0000, 2451.0000, 0.0000,  857.0000, 2421.0000, 0.0000,  0, 0, 255
L 897.0000, 2391.0000, 0.0000,  927.0000, 2391.0000, 0.0000,  0, 0, 255
L 897.0000, 2451.0000, 0.0000,  927.0000, 2451.0000, 0.0000,  0, 0, 255
L 897.0000, 2391.0000, 0.0000,  897.0000, 2451.0000, 0.0000,  0, 0, 255
L 927.0000, 2391.0000, 0.0000,  927.0000, 2451.0000, 0.0000,  0, 0, 255
L 987.0000, 2391.0000, 0.0000,  987.0000, 2451.0000, 0.0000,  0, 0, 255
L 947.0000, 2391.0000, 0.0000,  947.0000, 2451.0000, 0.0000,  0, 0, 255
L 947.0000, 2451.0000, 0.0000,  987.0000, 2451.0000, 0.0000,  0, 0, 255
L 1037.0000, 2451.0000, 0.0000,  1037.0000, 2391.0000, 0.0000,  0, 0, 255
L 1007.0000, 2391.0000, 0.0000,  1037.0000, 2451.0000, 0.0000,  0, 0, 255
L 1007.0000, 2451.0000, 0.0000,  1007.0000, 2391.0000, 0.0000,  0, 0, 255
L 1067.0000, 2451.0000, 0.0000,  1067.0000, 2391.0000, 0.0000,  0, 0, 255
L 1077.0000, 2451.0000, 0.0000,  1057.0000, 2451.0000, 0.0000,  0, 0, 255
L 1087.0000, 2421.0000, 0.0000,  1077.0000, 2451.0000, 0.0000,  0, 0, 255
L 1077.0000, 2391.0000, 0.0000,  1087.0000, 2421.0000, 0.0000,  0, 0, 255
L 1057.0000, 2391.0000, 0.0000,  1077.0000, 2391.0000, 0.0000,  0, 0, 255
L 1167.0000, 2391.0000, 0.0000,  1167.0000, 2421.0000, 0.0000,  0, 0, 255
L 1167.0000, 2451.0000, 0.0000,  1207.0000, 2451.0000, 0.0000,  0, 0, 255
L 1207.0000, 2421.0000, 0.0000,  1167.0000, 2421.0000, 0.0000,  0, 0, 255
L 1167.0000, 2391.0000, 0.0000,  1207.0000, 2391.0000, 0.0000,  0, 0, 255
L 1207.0000, 2421.0000, 0.0000,  1207.0000, 2451.0000, 0.0000,  0, 0, 255
L 1257.0000, 2421.0000, 0.0000,  1227.0000, 2421.0000, 0.0000,  0, 0, 255
L 1257.0000, 2391.0000, 0.0000,  1257.0000, 2421.0000, 0.0000,  0, 0, 255
L 1227.0000, 2391.0000, 0.0000,  1257.0000, 2391.0000, 0.0000,  0, 0, 255
L 1227.0000, 2451.0000, 0.0000,  1227.0000, 2391.0000, 0.0000,  0, 0, 255
L 1287.0000, 2421.0000, 0.0000,  1307.0000, 2421.0000, 0.0000,  0, 0, 255
L 1297.0000, 2391.0000, 0.0000,  1317.0000, 2451.0000, 0.0000,  0, 0, 255
L 1277.0000, 2451.0000, 0.0000,  1297.0000, 2391.0000, 0.0000,  0, 0, 255
L 1367.0000, 2451.0000, 0.0000,  1377.0000, 2391.0000, 0.0000,  0, 0, 255
L 1357.0000, 2421.0000, 0.0000,  1367.0000, 2451.0000, 0.0000,  0, 0, 255
L 1347.0000, 2451.0000, 0.0000,  1357.0000, 2421.0000, 0.0000,  0, 0, 255
L 1337.0000, 2391.0000, 0.0000,  1347.0000, 2451.0000, 0.0000,  0, 0, 255
L 1427.0000, 2451.0000, 0.0000,  1427.0000, 2391.0000, 0.0000,  0, 0, 255
L 1397.0000, 2391.0000, 0.0000,  1427.0000, 2451.0000, 0.0000,  0, 0, 255
L 1397.0000, 2451.0000, 0.0000,  1397.0000, 2391.0000, 0.0000,  0, 0, 255
L 817.0000, 2541.0000, 0.0000,  787.0000, 2541.0000, 0.0000,  128, 128, 128
L 787.0000, 2481.0000, 0.0000,  817.0000, 2481.0000, 0.0000,  128, 128, 128
L 787.0000, 2541.0000, 0.0000,  787.0000, 2481.0000, 0.0000,  128, 128, 128
L 817.0000, 2541.0000, 0.0000,  817.0000, 2511.0000, 0.0000,  128, 128, 128
L 817.0000, 2511.0000, 0.0000,  797.0000, 2511.0000, 0.0000,  128, 128, 128
L 877.0000, 2481.0000, 0.0000,  877.0000, 2541.0000, 0.0000,  128, 128, 128
L 837.0000, 2481.0000, 0.0000,  837.0000, 2541.0000, 0.0000,  128, 128, 128
L 837.0000, 2541.0000, 0.0000,  877.0000, 2541.0000, 0.0000,  128, 128, 128
L 897.0000, 2481.0000, 0.0000,  897.0000, 2541.0000, 0.0000,  128, 128, 128
L 917.0000, 2481.0000, 0.0000,  917.0000, 2541.0000, 0.0000,  128, 128, 128
L 957.0000, 2541.0000, 0.0000,  917.0000, 2541.0000, 0.0000,  128, 128, 128
L 987.0000, 2541.0000, 0.0000,  987.0000, 2481.0000, 0.0000,  128, 128, 128
L 997.0000, 2541.0000, 0.0000,  977.0000, 2541.0000, 0.0000,  128, 128, 128
L 1007.0000, 2511.0000, 0.0000,  997.0000, 2541.0000, 0.0000,  128, 128, 128
L 997.0000, 2481.0000, 0.0000,  1007.0000, 2511.0000, 0.0000,  128, 128, 128
L 977.0000, 2481.0000, 0.0000,  997.0000, 2481.0000, 0.0000,  128, 128, 128
L 1127.0000, 2481.0000, 0.0000,  1127.0000, 2541.0000, 0.0000,  128, 128, 128
L 1107.0000, 2511.0000, 0.0000,  1127.0000, 2481.0000, 0.0000,  128, 128, 128
L 1087.0000, 2481.0000, 0.0000,  1107.0000, 2511.0000, 0.0000,  128, 128, 128
L 1087.0000, 2541.0000, 0.0000,  1087.0000, 2481.0000, 0.0000,  128, 128, 128
L 1157.0000, 2511.0000, 0.0000,  1177.0000, 2511.0000, 0.0000,  128, 128, 128
L 1167.0000, 2481.0000, 0.0000,  1187.0000, 2541.0000, 0.0000,  128, 128, 128
L 1147.0000, 2541.0000, 0.0000,  1167.0000, 2481.0000, 0.0000,  128, 128, 128
L 1207.0000, 2481.0000, 0.0000,  1207.0000, 2511.0000, 0.0000,  128, 128, 128
L 1207.0000, 2541.0000, 0.0000,  1247.0000, 2541.0000, 0.0000,  128, 128, 128
L 1247.0000, 2511.0000, 0.0000,  1207.0000, 2511.0000, 0.0000,  128, 128, 128
L 1207.0000, 2481.0000, 0.0000,  1247.0000, 2481.0000, 0.0000,  128, 128, 128
L 1247.0000, 2511.0000, 0.0000,  1247.0000, 2541.0000, 0.0000,  128, 128, 128
L 1287.0000, 2481.0000, 0.0000,  1287.0000, 2541.0000, 0.0000,  128, 128, 128
L 1267.0000, 2481.0000, 0.0000,  1307.0000, 2481.0000, 0.0000,  128, 128, 128
L 1327.0000, 2511.0000, 0.0000,  1357.0000, 2511.0000, 0.0000,  128, 128, 128
L 1327.0000, 2541.0000, 0.0000,  1357.0000, 2541.0000, 0.0000,  128, 128, 128
L 1327.0000, 2481.0000, 0.0000,  1327.0000, 2541.0000, 0.0000,  128, 128, 128
L 1357.0000, 2481.0000, 0.0000,  1327.0000, 2481.0000, 0.0000,  128, 128, 128
L 1377.0000, 2481.0000, 0.0000,  1377.0000, 2511.0000, 0.0000,  128, 128, 128
L 1377.0000, 2511.0000, 0.0000,  1377.0000, 2541.0000, 0.0000,  128, 128, 128
L 1377.0000, 2511.0000, 0.0000,  1397.0000, 2511.0000, 0.0000,  128, 128, 128
L 1417.0000, 2511.0000, 0.0000,  1417.0000, 2481.0000, 0.0000,  128, 128, 128
L 1377.0000, 2481.0000, 0.0000,  1417.0000, 2481.0000, 0.0000,  128, 128, 128
L 1397.0000, 2511.0000, 0.0000,  1417.0000, 2511.0000, 0.0000,  128, 128, 128
L 1417.0000, 2541.0000, 0.0000,  1397.0000, 2511.0000, 0.0000,  128, 128, 128
L 787.0000, 2571.0000, 0.0000,  787.0000, 2601.0000, 0.0000,  127, 64, 0
L 827.0000, 2631.0000, 0.0000,  827.0000, 2601.0000, 0.0000,  127, 64, 0
L 787.0000, 2601.0000, 0.0000,  787.0000, 2631.0000, 0.0000,  127, 64, 0
L 827.0000, 2601.0000, 0.0000,  827.0000, 2571.0000, 0.0000,  127, 64, 0
L 787.0000, 2601.0000, 0.0000,  827.0000, 2601.0000, 0.0000,  127, 64, 0
L 887.0000, 2571.0000, 0.0000,  887.0000, 2631.0000, 0.0000,  127, 64, 0
L 847.0000, 2571.0000, 0.0000,  847.0000, 2631.0000, 0.0000,  127, 64, 0
L 847.0000, 2631.0000, 0.0000,  887.0000, 2631.0000, 0.0000,  127, 64, 0
L 937.0000, 2631.0000, 0.0000,  937.0000, 2571.0000, 0.0000,  127, 64, 0
L 907.0000, 2571.0000, 0.0000,  937.0000, 2631.0000, 0.0000,  127, 64, 0
L 907.0000, 2631.0000, 0.0000,  907.0000, 2571.0000, 0.0000,  127, 64, 0
L 977.0000, 2571.0000, 0.0000,  977.0000, 2631.0000, 0.0000,  127, 64, 0
L 957.0000, 2571.0000, 0.0000,  997.0000, 2571.0000, 0.0000,  127, 64, 0
L 1017.0000, 2601.0000, 0.0000,  1047.0000, 2601.0000, 0.0000,  127, 64, 0
L 1017.0000, 2631.0000, 0.0000,  1047.0000, 2631.0000, 0.0000,  127, 64, 0
L 1017.0000, 2571.0000, 0.0000,  1017.0000, 2631.0000, 0.0000,  127, 64, 0
L 1047.0000, 2571.0000, 0.0000,  1017.0000, 2571.0000, 0.0000,  127, 64, 0
L 1067.0000, 2571.0000, 0.0000,  1067.0000, 2601.0000, 0.0000,  127, 64, 0
L 1067.0000, 2601.0000, 0.0000,  1067.0000, 2631.0000, 0.0000,  127, 64, 0
L 1067.0000, 2601.0000, 0.0000,  1087.0000, 2601.0000, 0.0000,  127, 64, 0
L 1107.0000, 2601.0000, 0.0000,  1107.0000, 2571.0000, 0.0000,  127, 64, 0
L 1067.0000, 2571.0000, 0.0000,  1107.0000, 2571.0000, 0.0000,  127, 64, 0
L 1087.0000, 2601.0000, 0.0000,  1107.0000, 2601.0000, 0.0000,  127, 64, 0
L 1107.0000, 2631.0000, 0.0000,  1087.0000, 2601.0000, 0.0000,  127, 64, 0
L 827.0000, 2661.0000, 0.0000,  827.0000, 2721.0000, 0.0000,  0, 127, 0
L 807.0000, 2691.0000, 0.0000,  827.0000, 2661.0000, 0.0000,  0, 127, 0
L 787.0000, 2661.0000, 0.0000,  807.0000, 2691.0000, 0.0000,  0, 127, 0
L 787.0000, 2721.0000, 0.0000,  787.0000, 2661.0000, 0.0000,  0, 127, 0
L 847.0000, 2691.0000, 0.0000,  877.0000, 2691.0000, 0.0000,  0, 127, 0
L 847.0000, 2721.0000, 0.0000,  877.0000, 2721.0000, 0.0000,  0, 127, 0
L 847.0000, 2661.0000, 0.0000,  847.0000, 2721.0000, 0.0000,  0, 127, 0
L 877.0000, 2661.0000, 0.0000,  847.0000, 2661.0000, 0.0000,  0, 127, 0
L 897.0000, 2661.0000, 0.0000,  897.0000, 2691.0000, 0.0000,  0, 127, 0
L 897.0000, 2691.0000, 0.0000,  897.0000, 2721.0000, 0.0000,  0, 127, 0
L 897.0000, 2691.0000, 0.0000,  917.0000, 2691.0000, 0.0000,  0, 127, 0
L 937.0000, 2691.0000, 0.0000,  937.0000, 2661.0000, 0.0000,  0, 127, 0
L 897.0000, 2661.0000, 0.0000,  937.0000, 2661.0000, 0.0000,  0, 127, 0
L 917.0000, 2691.0000, 0.0000,  937.0000, 2691.0000, 0.0000,  0, 127, 0
L 937.0000, 2721.0000, 0.0000,  917.0000, 2691.0000, 0.0000,  0, 127, 0
L 987.0000, 2721.0000, 0.0000,  957.0000, 2721.0000, 0.0000,  0, 127, 0
L 957.0000, 2661.0000, 0.0000,  987.0000, 2661.0000, 0.0000,  0, 127, 0
L 957.0000, 2721.0000, 0.0000,  957.0000, 2661.0000, 0.0000,  0, 127, 0
L 1007.0000, 2661.0000, 0.0000,  1007.0000, 2691.0000, 0.0000,  0, 127, 0
L 1047.0000, 2721.0000, 0.0000,  1047.0000, 2691.0000, 0.0000,  0, 127, 0
L 1007.0000, 2691.0000, 0.0000,  1007.0000, 2721.0000, 0.0000,  0, 127, 0
L 1047.0000, 2691.0000, 0.0000,  1047.0000, 2661.0000, 0.0000,  0, 127, 0
L 1007.0000, 2691.0000, 0.0000,  1047.0000, 2691.0000, 0.0000,  0, 127, 0
L 1077.0000, 2691.0000, 0.0000,  1097.0000, 2691.0000, 0.0000,  0, 127, 0
L 1087.0000, 2661.0000, 0.0000,  1107.0000, 2721.0000, 0.0000,  0, 127, 0
L 1067.0000, 2721.0000, 0.0000,  1087.0000, 2661.0000, 0.0000,  0, 127, 0
L 1157.0000, 2721.0000, 0.0000,  1157.0000, 2661.0000, 0.0000,  0, 127, 0
L 1127.0000, 2661.0000, 0.0000,  1157.0000, 2721.0000, 0.0000,  0, 127, 0
L 1127.0000, 2721.0000, 0.0000,  1127.0000, 2661.0000, 0.0000,  0, 127, 0
L 1197.0000, 2661.0000, 0.0000,  1197.0000, 2721.0000, 0.0000,  0, 127, 0
L 1177.0000, 2661.0000, 0.0000,  1217.0000, 2661.0000, 0.0000,  0, 127, 0
L 827.0000, 2751.0000, 0.0000,  827.0000, 2811.0000, 0.0000,  0, 127, 127
L 807.0000, 2781.0000, 0.0000,  827.0000, 2751.0000, 0.0000,  0, 127, 127
L 787.0000, 2751.0000, 0.0000,  807.0000, 2781.0000, 0.0000,  0, 127, 127
L 787.0000, 2811.0000, 0.0000,  787.0000, 2751.0000, 0.0000,  0, 127, 127
L 847.0000, 2751.0000, 0.0000,  847.0000, 2811.0000, 0.0000,  0, 127, 127
L 867.0000, 2751.0000, 0.0000,  867.0000, 2781.0000, 0.0000,  0, 127, 127
L 867.0000, 2811.0000, 0.0000,  907.0000, 2811.0000, 0.0000,  0, 127, 127
L 907.0000, 2781.0000, 0.0000,  867.0000, 2781.0000, 0.0000,  0, 127, 127
L 867.0000, 2751.0000, 0.0000,  907.0000, 2751.0000, 0.0000,  0, 127, 127
L 907.0000, 2781.0000, 0.0000,  907.0000, 2811.0000, 0.0000,  0, 127, 127
L 927.0000, 2751.0000, 0.0000,  927.0000, 2781.0000, 0.0000,  0, 127, 127
L 927.0000, 2811.0000, 0.0000,  967.0000, 2811.0000, 0.0000,  0, 127, 127
L 967.0000, 2781.0000, 0.0000,  927.0000, 2781.0000, 0.0000,  0, 127, 127
L 927.0000, 2751.0000, 0.0000,  967.0000, 2751.0000, 0.0000,  0, 127, 127
L 967.0000, 2781.0000, 0.0000,  967.0000, 2811.0000, 0.0000,  0, 127, 127
L 987.0000, 2751.0000, 0.0000,  987.0000, 2811.0000, 0.0000,  0, 127, 127
L 1007.0000, 2751.0000, 0.0000,  1037.0000, 2751.0000, 0.0000,  0, 127, 127
L 1007.0000, 2811.0000, 0.0000,  1037.0000, 2811.0000, 0.0000,  0, 127, 127
L 1007.0000, 2751.0000, 0.0000,  1007.0000, 2811.0000, 0.0000,  0, 127, 127
L 1037.0000, 2751.0000, 0.0000,  1037.0000, 2811.0000, 0.0000,  0, 127, 127
L 1087.0000, 2811.0000, 0.0000,  1087.0000, 2751.0000, 0.0000,  0, 127, 127
L 1057.0000, 2751.0000, 0.0000,  1087.0000, 2811.0000, 0.0000,  0, 127, 127
L 1057.0000, 2811.0000, 0.0000,  1057.0000, 2751.0000, 0.0000,  0, 127, 127
L 817.0000, 2901.0000, 0.0000,  817.0000, 2841.0000, 0.0000,  127, 64, 0
L 787.0000, 2841.0000, 0.0000,  817.0000, 2901.0000, 0.0000,  127, 64, 0
L 787.0000, 2901.0000, 0.0000,  787.0000, 2841.0000, 0.0000,  127, 64, 0
L 847.0000, 2871.0000, 0.0000,  867.0000, 2871.0000, 0.0000,  127, 64, 0
L 857.0000, 2841.0000, 0.0000,  877.0000, 2901.0000, 0.0000,  127, 64, 0
L 837.0000, 2901.0000, 0.0000,  857.0000, 2841.0000, 0.0000,  127, 64, 0
L 937.0000, 2841.0000, 0.0000,  937.0000, 2901.0000, 0.0000,  127, 64, 0
L 917.0000, 2871.0000, 0.0000,  937.0000, 2841.0000, 0.0000,  127, 64, 0
L 897.0000, 2841.0000, 0.0000,  917.0000, 2871.0000, 0.0000,  127, 64, 0
L 897.0000, 2901.0000, 0.0000,  897.0000, 2841.0000, 0.0000,  127, 64, 0
L 957.0000, 2871.0000, 0.0000,  987.0000, 2871.0000, 0.0000,  127, 64, 0
L 957.0000, 2901.0000, 0.0000,  987.0000, 2901.0000, 0.0000,  127, 64, 0
L 957.0000, 2841.0000, 0.0000,  957.0000, 2901.0000, 0.0000,  127, 64, 0
L 987.0000, 2841.0000, 0.0000,  957.0000, 2841.0000, 0.0000,  127, 64, 0
L 1017.0000, 2901.0000, 0.0000,  1017.0000, 2841.0000, 0.0000,  127, 64, 0
L 1027.0000, 2901.0000, 0.0000,  1007.0000, 2901.0000, 0.0000,  127, 64, 0
L 1037.0000, 2871.0000, 0.0000,  1027.0000, 2901.0000, 0.0000,  127, 64, 0
L 1027.0000, 2841.0000, 0.0000,  1037.0000, 2871.0000, 0.0000,  127, 64, 0
L 1007.0000, 2841.0000, 0.0000,  1027.0000, 2841.0000, 0.0000,  127, 64, 0
L 817.0000, 2961.0000, 0.0000,  787.0000, 2961.0000, 0.0000,  0, 255, 0
L 817.0000, 2931.0000, 0.0000,  817.0000, 2961.0000, 0.0000,  0, 255, 0
L 787.0000, 2931.0000, 0.0000,  817.0000, 2931.0000, 0.0000,  0, 255, 0
L 787.0000, 2991.0000, 0.0000,  787.0000, 2931.0000, 0.0000,  0, 255, 0
L 847.0000, 2961.0000, 0.0000,  867.0000, 2961.0000, 0.0000,  0, 255, 0
L 857.0000, 2931.0000, 0.0000,  877.0000, 2991.0000, 0.0000,  0, 255, 0
L 837.0000, 2991.0000, 0.0000,  857.0000, 2931.0000, 0.0000,  0, 255, 0
L 897.0000, 2931.0000, 0.0000,  897.0000, 2961.0000, 0.0000,  0, 255, 0
L 897.0000, 2961.0000, 0.0000,  897.0000, 2991.0000, 0.0000,  0, 255, 0
L 897.0000, 2961.0000, 0.0000,  917.0000, 2961.0000, 0.0000,  0, 255, 0
L 937.0000, 2961.0000, 0.0000,  937.0000, 2931.0000, 0.0000,  0, 255, 0
L 897.0000, 2931.0000, 0.0000,  937.0000, 2931.0000, 0.0000,  0, 255, 0
L 917.0000, 2961.0000, 0.0000,  937.0000, 2961.0000, 0.0000,  0, 255, 0
L 937.0000, 2991.0000, 0.0000,  917.0000, 2961.0000, 0.0000,  0, 255, 0
L 987.0000, 2991.0000, 0.0000,  957.0000, 2991.0000, 0.0000,  0, 255, 0
L 957.0000, 2931.0000, 0.0000,  987.0000, 2931.0000, 0.0000,  0, 255, 0
L 957.0000, 2991.0000, 0.0000,  957.0000, 2931.0000, 0.0000,  0, 255, 0
L 1007.0000, 2961.0000, 0.0000,  1037.0000, 2961.0000, 0.0000,  0, 255, 0
L 1007.0000, 2991.0000, 0.0000,  1037.0000, 2991.0000, 0.0000,  0, 255, 0
L 1007.0000, 2931.0000, 0.0000,  1007.0000, 2991.0000, 0.0000,  0, 255, 0
L 1037.0000, 2931.0000, 0.0000,  1007.0000, 2931.0000, 0.0000,  0, 255, 0
L 1057.0000, 2931.0000, 0.0000,  1057.0000, 2991.0000, 0.0000,  0, 255, 0
L 1097.0000, 2991.0000, 0.0000,  1057.0000, 2991.0000, 0.0000,  0, 255, 0
L 1117.0000, 2931.0000, 0.0000,  1117.0000, 2961.0000, 0.0000,  0, 255, 0
L 1117.0000, 2991.0000, 0.0000,  1157.0000, 2991.0000, 0.0000,  0, 255, 0
L 1157.0000, 2961.0000, 0.0000,  1117.0000, 2961.0000, 0.0000,  0, 255, 0
L 1117.0000, 2931.0000, 0.0000,  1157.0000, 2931.0000, 0.0000,  0, 255, 0
L 1157.0000, 2961.0000, 0.0000,  1157.0000, 2991.0000, 0.0000,  0, 255, 0
L 787.0000, 3021.0000, 0.0000,  787.0000, 3051.0000, 0.0000,  0, 240, 240
L 787.0000, 3051.0000, 0.0000,  787.0000, 3081.0000, 0.0000,  0, 240, 240
L 787.0000, 3051.0000, 0.0000,  807.0000, 3051.0000, 0.0000,  0, 240, 240
L 827.0000, 3051.0000, 0.0000,  827.0000, 3021.0000, 0.0000,  0, 240, 240
L 787.0000, 3021.0000, 0.0000,  827.0000, 3021.0000, 0.0000,  0, 240, 240
L 807.0000, 3051.0000, 0.0000,  827.0000, 3051.0000, 0.0000,  0, 240, 240
L 827.0000, 3081.0000, 0.0000,  807.0000, 3051.0000, 0.0000,  0, 240, 240
L 857.0000, 3051.0000, 0.0000,  877.0000, 3051.0000, 0.0000,  0, 240, 240
L 867.0000, 3021.0000, 0.0000,  887.0000, 3081.0000, 0.0000,  0, 240, 240
L 847.0000, 3081.0000, 0.0000,  867.0000, 3021.0000, 0.0000,  0, 240, 240
L 907.0000, 3021.0000, 0.0000,  907.0000, 3081.0000, 0.0000,  0, 240, 240
L 937.0000, 3081.0000, 0.0000,  937.0000, 3021.0000, 0.0000,  0, 240, 240
L 947.0000, 3081.0000, 0.0000,  927.0000, 3081.0000, 0.0000,  0, 240, 240
L 957.0000, 3051.0000, 0.0000,  947.0000, 3081.0000, 0.0000,  0, 240, 240
L 947.0000, 3021.0000, 0.0000,  957.0000, 3051.0000, 0.0000,  0, 240, 240
L 927.0000, 3021.0000, 0.0000,  947.0000, 3021.0000, 0.0000,  0, 240, 240
L 787.0000, 3111.0000, 0.0000,  787.0000, 3141.0000, 0.0000,  0, 255, 0
L 787.0000, 3171.0000, 0.0000,  827.0000, 3171.0000, 0.0000,  0, 255, 0
L 827.0000, 3141.0000, 0.0000,  787.0000, 3141.0000, 0.0000,  0, 255, 0
L 787.0000, 3111.0000, 0.0000,  827.0000, 3111.0000, 0.0000,  0, 255, 0
L 827.0000, 3141.0000, 0.0000,  827.0000, 3171.0000, 0.0000,  0, 255, 0
L 877.0000, 3141.0000, 0.0000,  847.0000, 3141.0000, 0.0000,  0, 255, 0
L 877.0000, 3111.0000, 0.0000,  877.0000, 3141.0000, 0.0000,  0, 255, 0
L 847.0000, 3111.0000, 0.0000,  877.0000, 3111.0000, 0.0000,  0, 255, 0
L 847.0000, 3171.0000, 0.0000,  847.0000, 3111.0000, 0.0000,  0, 255, 0
L 897.0000, 3141.0000, 0.0000,  927.0000, 3141.0000, 0.0000,  0, 255, 0
L 897.0000, 3171.0000, 0.0000,  927.0000, 3171.0000, 0.0000,  0, 255, 0
L 897.0000, 3111.0000, 0.0000,  897.0000, 3171.0000, 0.0000,  0, 255, 0
L 927.0000, 3111.0000, 0.0000,  897.0000, 3111.0000, 0.0000,  0, 255, 0
L 977.0000, 3171.0000, 0.0000,  947.0000, 3171.0000, 0.0000,  0, 255, 0
L 947.0000, 3111.0000, 0.0000,  977.0000, 3111.0000, 0.0000,  0, 255, 0
L 947.0000, 3171.0000, 0.0000,  947.0000, 3111.0000, 0.0000,  0, 255, 0
L 997.0000, 3111.0000, 0.0000,  997.0000, 3171.0000, 0.0000,  0, 255, 0
L 1027.0000, 3141.0000, 0.0000,  1047.0000, 3141.0000, 0.0000,  0, 255, 0
L 1037.0000, 3111.0000, 0.0000,  1057.0000, 3171.0000, 0.0000,  0, 255, 0
L 1017.0000, 3171.0000, 0.0000,  1037.0000, 3111.0000, 0.0000,  0, 255, 0
L 1077.0000, 3111.0000, 0.0000,  1077.0000, 3171.0000, 0.0000,  0, 255, 0
L 1117.0000, 3171.0000, 0.0000,  1077.0000, 3171.0000, 0.0000,  0, 255, 0
L 1227.0000, 3171.0000, 0.0000,  1197.0000, 3171.0000, 0.0000,  0, 255, 0
L 1197.0000, 3111.0000, 0.0000,  1227.0000, 3111.0000, 0.0000,  0, 255, 0
L 1197.0000, 3171.0000, 0.0000,  1197.0000, 3111.0000, 0.0000,  0, 255, 0
L 1287.0000, 3111.0000, 0.0000,  1287.0000, 3171.0000, 0.0000,  0, 255, 0
L 1247.0000, 3111.0000, 0.0000,  1247.0000, 3171.0000, 0.0000,  0, 255, 0
L 1247.0000, 3171.0000, 0.0000,  1287.0000, 3171.0000, 0.0000,  0, 255, 0
L 1307.0000, 3111.0000, 0.0000,  1307.0000, 3141.0000, 0.0000,  0, 255, 0
L 1307.0000, 3141.0000, 0.0000,  1307.0000, 3171.0000, 0.0000,  0, 255, 0
L 1307.0000, 3141.0000, 0.0000,  1327.0000, 3141.0000, 0.0000,  0, 255, 0
L 1347.0000, 3141.0000, 0.0000,  1347.0000, 3111.0000, 0.0000,  0, 255, 0
L 1307.0000, 3111.0000, 0.0000,  1347.0000, 3111.0000, 0.0000,  0, 255, 0
L 1327.0000, 3141.0000, 0.0000,  1347.0000, 3141.0000, 0.0000,  0, 255, 0
L 1347.0000, 3171.0000, 0.0000,  1327.0000, 3141.0000, 0.0000,  0, 255, 0
L 1367.0000, 3111.0000, 0.0000,  1367.0000, 3141.0000, 0.0000,  0, 255, 0
L 1367.0000, 3141.0000, 0.0000,  1367.0000, 3171.0000, 0.0000,  0, 255, 0
L 1367.0000, 3141.0000, 0.0000,  1387.0000, 3141.0000, 0.0000,  0, 255, 0
L 1407.0000, 3141.0000, 0.0000,  1407.0000, 3111.0000, 0.0000,  0, 255, 0
L 1367.0000, 3111.0000, 0.0000,  1407.0000, 3111.0000, 0.0000,  0, 255, 0
L 1387.0000, 3141.0000, 0.0000,  1407.0000, 3141.0000, 0.0000,  0, 255, 0
L 1407.0000, 3171.0000, 0.0000,  1387.0000, 3141.0000, 0.0000,  0, 255, 0
L 1427.0000, 3141.0000, 0.0000,  1457.0000, 3141.0000, 0.0000,  0, 255, 0
L 1427.0000, 3171.0000, 0.0000,  1457.0000, 3171.0000, 0.0000,  0, 255, 0
L 1427.0000, 3111.0000, 0.0000,  1427.0000, 3171.0000, 0.0000,  0, 255, 0
L 1457.0000, 3111.0000, 0.0000,  1427.0000, 3111.0000, 0.0000,  0, 255, 0
L 1507.0000, 3171.0000, 0.0000,  1507.0000, 3111.0000, 0.0000,  0, 255, 0
L 1477.0000, 3111.0000, 0.0000,  1507.0000, 3171.0000, 0.0000,  0, 255, 0
L 1477.0000, 3171.0000, 0.0000,  1477.0000, 3111.0000, 0.0000,  0, 255, 0
L 1557.0000, 3171.0000, 0.0000,  1527.0000, 3171.0000, 0.0000,  0, 255, 0
L 1527.0000, 3111.0000, 0.0000,  1557.0000, 3111.0000, 0.0000,  0, 255, 0
L 1527.0000, 3171.0000, 0.0000,  1527.0000, 3111.0000, 0.0000,  0, 255, 0
L 1597.0000, 3141.0000, 0.0000,  1597.0000, 3171.0000, 0.0000,  0, 255, 0
L 1597.0000, 3141.0000, 0.0000,  1617.0000, 3111.0000, 0.0000,  0, 255, 0
L 1577.0000, 3111.0000, 0.0000,  1597.0000, 3141.0000, 0.0000,  0, 255, 0
L 787.0000, 3201.0000, 0.0000,  787.0000, 3231.0000, 0.0000,  255, 0, 0
L 787.0000, 3261.0000, 0.0000,  827.0000, 3261.0000, 0.0000,  255, 0, 0
L 827.0000, 3231.0000, 0.0000,  787.0000, 3231.0000, 0.0000,  255, 0, 0
L 787.0000, 3201.0000, 0.0000,  827.0000, 3201.0000, 0.0000,  255, 0, 0
L 827.0000, 3231.0000, 0.0000,  827.0000, 3261.0000, 0.0000,  255, 0, 0
L 887.0000, 3201.0000, 0.0000,  887.0000, 3261.0000, 0.0000,  255, 0, 0
L 847.0000, 3201.0000, 0.0000,  847.0000, 3261.0000, 0.0000,  255, 0, 0
L 847.0000, 3261.0000, 0.0000,  887.0000, 3261.0000, 0.0000,  255, 0, 0
L 937.0000, 3261.0000, 0.0000,  907.0000, 3261.0000, 0.0000,  255, 0, 0
L 907.0000, 3201.0000, 0.0000,  937.0000, 3201.0000, 0.0000,  255, 0, 0
L 907.0000, 3261.0000, 0.0000,  907.0000, 3201.0000, 0.0000,  255, 0, 0
L 987.0000, 3261.0000, 0.0000,  957.0000, 3261.0000, 0.0000,  255, 0, 0
L 957.0000, 3201.0000, 0.0000,  987.0000, 3201.0000, 0.0000,  255, 0, 0
L 957.0000, 3261.0000, 0.0000,  957.0000, 3201.0000, 0.0000,  255, 0, 0
L 1007.0000, 3201.0000, 0.0000,  1037.0000, 3201.0000, 0.0000,  255, 0, 0
L 1007.0000, 3261.0000, 0.0000,  1037.0000, 3261.0000, 0.0000,  255, 0, 0
L 1007.0000, 3201.0000, 0.0000,  1007.0000, 3261.0000, 0.0000,  255, 0, 0
L 1037.0000, 3201.0000, 0.0000,  1037.0000, 3261.0000, 0.0000,  255, 0, 0
L 1057.0000, 3201.0000, 0.0000,  1057.0000, 3231.0000, 0.0000,  255, 0, 0
L 1057.0000, 3231.0000, 0.0000,  1057.0000, 3261.0000, 0.0000,  255, 0, 0
L 1057.0000, 3231.0000, 0.0000,  1077.0000, 3231.0000, 0.0000,  255, 0, 0
L 1097.0000, 3231.0000, 0.0000,  1097.0000, 3201.0000, 0.0000,  255, 0, 0
L 1057.0000, 3201.0000, 0.0000,  1097.0000, 3201.0000, 0.0000,  255, 0, 0
L 1077.0000, 3231.0000, 0.0000,  1097.0000, 3231.0000, 0.0000,  255, 0, 0
L 1097.0000, 3261.0000, 0.0000,  1077.0000, 3231.0000, 0.0000,  255, 0, 0
L 807.0000, 3291.0000, 0.0000,  807.0000, 3351.0000, 0.0000,  255, 255, 0
L 787.0000, 3291.0000, 0.0000,  827.0000, 3291.0000, 0.0000,  255, 255, 0
L 847.0000, 3321.0000, 0.0000,  877.0000, 3321.0000, 0.0000,  255, 255, 0
L 847.0000, 3351.0000, 0.0000,  877.0000, 3351.0000, 0.0000,  255, 255, 0
L 847.0000, 3291.0000, 0.0000,  847.0000, 3351.0000, 0.0000,  255, 255, 0
L 877.0000, 3291.0000, 0.0000,  847.0000, 3291.0000, 0.0000,  255, 255, 0
L 897.0000, 3291.0000, 0.0000,  897.0000, 3351.0000, 0.0000,  255, 255, 0
L 937.0000, 3351.0000, 0.0000,  897.0000, 3351.0000, 0.0000,  255, 255, 0
L 957.0000, 3321.0000, 0.0000,  987.0000, 3321.0000, 0.0000,  255, 255, 0
L 957.0000, 3351.0000, 0.0000,  987.0000, 3351.0000, 0.0000,  255, 255, 0
L 957.0000, 3291.0000, 0.0000,  957.0000, 3351.0000, 0.0000,  255, 255, 0
L 987.0000, 3291.0000, 0.0000,  957.0000, 3291.0000, 0.0000,  255, 255, 0
L 1037.0000, 3321.0000, 0.0000,  1007.0000, 3321.0000, 0.0000,  255, 255, 0
L 1037.0000, 3291.0000, 0.0000,  1037.0000, 3321.0000, 0.0000,  255, 255, 0
L 1007.0000, 3291.0000, 0.0000,  1037.0000, 3291.0000, 0.0000,  255, 255, 0
L 1007.0000, 3351.0000, 0.0000,  1007.0000, 3291.0000, 0.0000,  255, 255, 0
L 1057.0000, 3291.0000, 0.0000,  1087.0000, 3291.0000, 0.0000,  255, 255, 0
L 1057.0000, 3351.0000, 0.0000,  1087.0000, 3351.0000, 0.0000,  255, 255, 0
L 1057.0000, 3291.0000, 0.0000,  1057.0000, 3351.0000, 0.0000,  255, 255, 0
L 1087.0000, 3291.0000, 0.0000,  1087.0000, 3351.0000, 0.0000,  255, 255, 0
L 1107.0000, 3291.0000, 0.0000,  1107.0000, 3321.0000, 0.0000,  255, 255, 0
L 1107.0000, 3321.0000, 0.0000,  1107.0000, 3351.0000, 0.0000,  255, 255, 0
L 1107.0000, 3321.0000, 0.0000,  1127.0000, 3321.0000, 0.0000,  255, 255, 0
L 1147.0000, 3321.0000, 0.0000,  1147.0000, 3291.0000, 0.0000,  255, 255, 0
L 1107.0000, 3291.0000, 0.0000,  1147.0000, 3291.0000, 0.0000,  255, 255, 0
L 1127.0000, 3321.0000, 0.0000,  1147.0000, 3321.0000, 0.0000,  255, 255, 0
L 1147.0000, 3351.0000, 0.0000,  1127.0000, 3321.0000, 0.0000,  255, 255, 0
L 1187.0000, 3291.0000, 0.0000,  1187.0000, 3351.0000, 0.0000,  255, 255, 0
L 1167.0000, 3291.0000, 0.0000,  1207.0000, 3291.0000, 0.0000,  255, 255, 0
L 807.0000, 3381.0000, 0.0000,  807.0000, 3441.0000, 0.0000,  128, 0, 128
L 787.0000, 3381.0000, 0.0000,  827.0000, 3381.0000, 0.0000,  128, 0, 128
L 847.0000, 3381.0000, 0.0000,  847.0000, 3411.0000, 0.0000,  128, 0, 128
L 847.0000, 3411.0000, 0.0000,  847.0000, 3441.0000, 0.0000,  128, 0, 128
L 847.0000, 3411.0000, 0.0000,  867.0000, 3411.0000, 0.0000,  128, 0, 128
L 887.0000, 3411.0000, 0.0000,  887.0000, 3381.0000, 0.0000,  128, 0, 128
L 847.0000, 3381.0000, 0.0000,  887.0000, 3381.0000, 0.0000,  128, 0, 128
L 867.0000, 3411.0000, 0.0000,  887.0000, 3411.0000, 0.0000,  128, 0, 128
L 887.0000, 3441.0000, 0.0000,  867.0000, 3411.0000, 0.0000,  128, 0, 128
L 917.0000, 3411.0000, 0.0000,  937.0000, 3411.0000, 0.0000,  128, 0, 128
L 927.0000, 3381.0000, 0.0000,  947.0000, 3441.0000, 0.0000,  128, 0, 128
L 907.0000, 3441.0000, 0.0000,  927.0000, 3381.0000, 0.0000,  128, 0, 128
L 977.0000, 3441.0000, 0.0000,  977.0000, 3381.0000, 0.0000,  128, 0, 128
L 987.0000, 3441.0000, 0.0000,  967.0000, 3441.0000, 0.0000,  128, 0, 128
L 997.0000, 3411.0000, 0.0000,  987.0000, 3441.0000, 0.0000,  128, 0, 128
L 987.0000, 3381.0000, 0.0000,  997.0000, 3411.0000, 0.0000,  128, 0, 128
L 967.0000, 3381.0000, 0.0000,  987.0000, 3381.0000, 0.0000,  128, 0, 128
L 1017.0000, 3411.0000, 0.0000,  1047.0000, 3411.0000, 0.0000,  128, 0, 128
L 1017.0000, 3441.0000, 0.0000,  1047.0000, 3441.0000, 0.0000,  128, 0, 128
L 1017.0000, 3381.0000, 0.0000,  1017.0000, 3441.0000, 0.0000,  128, 0, 128
L 1047.0000, 3381.0000, 0.0000,  1017.0000, 3381.0000, 0.0000,  128, 0, 128
L 1067.0000, 3381.0000, 0.0000,  1067.0000, 3411.0000, 0.0000,  128, 0, 128
L 1067.0000, 3441.0000, 0.0000,  1107.0000, 3441.0000, 0.0000,  128, 0, 128
L 1107.0000, 3411.0000, 0.0000,  1067.0000, 3411.0000, 0.0000,  128, 0, 128
L 1067.0000, 3381.0000, 0.0000,  1107.0000, 3381.0000, 0.0000,  128, 0, 128
L 1107.0000, 3411.0000, 0.0000,  1107.0000, 3441.0000, 0.0000,  128, 0, 128
L 1127.0000, 3381.0000, 0.0000,  1127.0000, 3411.0000, 0.0000,  128, 0, 128
L 1127.0000, 3411.0000, 0.0000,  1127.0000, 3441.0000, 0.0000,  128, 0, 128
L 1127.0000, 3411.0000, 0.0000,  1167.0000, 3441.0000, 0.0000,  128, 0, 128
L 1127.0000, 3411.0000, 0.0000,  1167.0000, 3381.0000, 0.0000,  128, 0, 128
L 1187.0000, 3381.0000, 0.0000,  1187.0000, 3441.0000, 0.0000,  128, 0, 128
L 1207.0000, 3381.0000, 0.0000,  1207.0000, 3441.0000, 0.0000,  128, 0, 128
L 1247.0000, 3441.0000, 0.0000,  1207.0000, 3441.0000, 0.0000,  128, 0, 128
L 1267.0000, 3381.0000, 0.0000,  1267.0000, 3441.0000, 0.0000,  128, 0, 128
L 1307.0000, 3441.0000, 0.0000,  1267.0000, 3441.0000, 0.0000,  128, 0, 128
L 1417.0000, 3441.0000, 0.0000,  1387.0000, 3441.0000, 0.0000,  128, 0, 128
L 1387.0000, 3381.0000, 0.0000,  1417.0000, 3381.0000, 0.0000,  128, 0, 128
L 1387.0000, 3441.0000, 0.0000,  1387.0000, 3381.0000, 0.0000,  128, 0, 128
L 1437.0000, 3381.0000, 0.0000,  1467.0000, 3381.0000, 0.0000,  128, 0, 128
L 1437.0000, 3441.0000, 0.0000,  1467.0000, 3441.0000, 0.0000,  128, 0, 128
L 1437.0000, 3381.0000, 0.0000,  1437.0000, 3441.0000, 0.0000,  128, 0, 128
L 1467.0000, 3381.0000, 0.0000,  1467.0000, 3441.0000, 0.0000,  128, 0, 128
L 1517.0000, 3441.0000, 0.0000,  1517.0000, 3381.0000, 0.0000,  128, 0, 128
L 1487.0000, 3381.0000, 0.0000,  1517.0000, 3441.0000, 0.0000,  128, 0, 128
L 1487.0000, 3441.0000, 0.0000,  1487.0000, 3381.0000, 0.0000,  128, 0, 128
L 1557.0000, 3381.0000, 0.0000,  1557.0000, 3441.0000, 0.0000,  128, 0, 128
L 1537.0000, 3381.0000, 0.0000,  1577.0000, 3381.0000, 0.0000,  128, 0, 128
L 1607.0000, 3411.0000, 0.0000,  1627.0000, 3411.0000, 0.0000,  128, 0, 128
L 1617.0000, 3381.0000, 0.0000,  1637.0000, 3441.0000, 0.0000,  128, 0, 128
L 1597.0000, 3441.0000, 0.0000,  1617.0000, 3381.0000, 0.0000,  128, 0, 128
L 1657.0000, 3381.0000, 0.0000,  1657.0000, 3441.0000, 0.0000,  128, 0, 128
L 1707.0000, 3441.0000, 0.0000,  1707.0000, 3381.0000, 0.0000,  128, 0, 128
L 1677.0000, 3381.0000, 0.0000,  1707.0000, 3441.0000, 0.0000,  128, 0, 128
L 1677.0000, 3441.0000, 0.0000,  1677.0000, 3381.0000, 0.0000,  128, 0, 128
L 1727.0000, 3411.0000, 0.0000,  1757.0000, 3411.0000, 0.0000,  128, 0, 128
L 1727.0000, 3441.0000, 0.0000,  1757.0000, 3441.0000, 0.0000,  128, 0, 128
L 1727.0000, 3381.0000, 0.0000,  1727.0000, 3441.0000, 0.0000,  128, 0, 128
L 1757.0000, 3381.0000, 0.0000,  1727.0000, 3381.0000, 0.0000,  128, 0, 128
L 1777.0000, 3381.0000, 0.0000,  1777.0000, 3411.0000, 0.0000,  128, 0, 128
L 1777.0000, 3411.0000, 0.0000,  1777.0000, 3441.0000, 0.0000,  128, 0, 128
L 1777.0000, 3411.0000, 0.0000,  1797.0000, 3411.0000, 0.0000,  128, 0, 128
L 1817.0000, 3411.0000, 0.0000,  1817.0000, 3381.0000, 0.0000,  128, 0, 128
L 1777.0000, 3381.0000, 0.0000,  1817.0000, 3381.0000, 0.0000,  128, 0, 128
L 1797.0000, 3411.0000, 0.0000,  1817.0000, 3411.0000, 0.0000,  128, 0, 128
L 1817.0000, 3441.0000, 0.0000,  1797.0000, 3411.0000, 0.0000,  128, 0, 128
L 807.0000, 3471.0000, 0.0000,  807.0000, 3531.0000, 0.0000,  255, 255, 0
L 787.0000, 3471.0000, 0.0000,  827.0000, 3471.0000, 0.0000,  255, 255, 0
L 847.0000, 3471.0000, 0.0000,  847.0000, 3501.0000, 0.0000,  255, 255, 0
L 847.0000, 3501.0000, 0.0000,  847.0000, 3531.0000, 0.0000,  255, 255, 0
L 847.0000, 3501.0000, 0.0000,  867.0000, 3501.0000, 0.0000,  255, 255, 0
L 887.0000, 3501.0000, 0.0000,  887.0000, 3471.0000, 0.0000,  255, 255, 0
L 847.0000, 3471.0000, 0.0000,  887.0000, 3471.0000, 0.0000,  255, 255, 0
L 867.0000, 3501.0000, 0.0000,  887.0000, 3501.0000, 0.0000,  255, 255, 0
L 887.0000, 3531.0000, 0.0000,  867.0000, 3501.0000, 0.0000,  255, 255, 0
L 917.0000, 3501.0000, 0.0000,  937.0000, 3501.0000, 0.0000,  255, 255, 0
L 927.0000, 3471.0000, 0.0000,  947.0000, 3531.0000, 0.0000,  255, 255, 0
L 907.0000, 3531.0000, 0.0000,  927.0000, 3471.0000, 0.0000,  255, 255, 0
L 997.0000, 3501.0000, 0.0000,  967.0000, 3501.0000, 0.0000,  255, 255, 0
L 997.0000, 3471.0000, 0.0000,  997.0000, 3501.0000, 0.0000,  255, 255, 0
L 967.0000, 3471.0000, 0.0000,  997.0000, 3471.0000, 0.0000,  255, 255, 0
L 967.0000, 3531.0000, 0.0000,  967.0000, 3471.0000, 0.0000,  255, 255, 0
L 817.0000, 3561.0000, 0.0000,  787.0000, 3561.0000, 0.0000,  255, 0, 0
L 787.0000, 3621.0000, 0.0000,  817.0000, 3561.0000, 0.0000,  255, 0, 0
L 787.0000, 3621.0000, 0.0000,  817.0000, 3621.0000, 0.0000,  255, 0, 0
L 837.0000, 3561.0000, 0.0000,  867.0000, 3561.0000, 0.0000,  255, 0, 0
L 837.0000, 3621.0000, 0.0000,  867.0000, 3621.0000, 0.0000,  255, 0, 0
L 837.0000, 3561.0000, 0.0000,  837.0000, 3621.0000, 0.0000,  255, 0, 0
L 867.0000, 3561.0000, 0.0000,  867.0000, 3621.0000, 0.0000,  255, 0, 0
L 917.0000, 3621.0000, 0.0000,  917.0000, 3561.0000, 0.0000,  255, 0, 0
L 887.0000, 3561.0000, 0.0000,  917.0000, 3621.0000, 0.0000,  255, 0, 0
L 887.0000, 3621.0000, 0.0000,  887.0000, 3561.0000, 0.0000,  255, 0, 0
L 937.0000, 3591.0000, 0.0000,  967.0000, 3591.0000, 0.0000,  255, 0, 0
L 937.0000, 3621.0000, 0.0000,  967.0000, 3621.0000, 0.0000,  255, 0, 0
L 937.0000, 3561.0000, 0.0000,  937.0000, 3621.0000, 0.0000,  255, 0, 0
L 967.0000, 3561.0000, 0.0000,  937.0000, 3561.0000, 0.0000,  255, 0, 0
P -213.0000, 1911.0000, 0.0000,  0, 0, 0,  2,  Original_Map:_Brewall_Rainsinger
P -213.0000, 2111.0000, 0.0000,  0, 0, 0,  2,  http://www.eqmaps.info
P -213.0000, 2311.0000, 0.0000,  0, 0, 0,  2,  Return_of_the_Exiled_(www.roteguild.org)
P -213.0000, 2511.0000, 0.0000,  0, 0, 0,  2,  A._Fire_Forever_mob_drop
P -213.0000, 2711.0000, 0.0000,  0, 0, 0,  2,  B._Puzzling_Plantlife_mob_drop
P -213.0000, 2911.0000, 0.0000,  240, 240, 0,  2,  C._Lost_in_Place_ground_spawn
P -213.0000, 3111.0000, 0.0000,  240, 240, 0,  2,  D._The_Life_of_Fire_ground_spawn
P -213.0000, 3311.0000, 0.0000,  127, 64, 0,  2,  Ashes_PH=a_sputtering_flameling
P -213.0000, 3511.0000, 0.0000,  127, 64, 0,  2,  Assassin_of_the_Perfect_Dusk_PH=a_fire_giant_knight
P -213.0000, 3711.0000, 0.0000,  127, 64, 0,  2,  Final_Rainbow_PH=a_breeze_mephit
P -213.0000, 3911.0000, 0.0000,  127, 64, 0,  2,  Flail_PH=a_fire_snail
P -213.0000, 4111.0000, 0.0000,  127, 64, 0,  2,  Fluttering_Ruby_Prince_PH=an_efreeti_soldier
P -213.0000, 4311.0000, 0.0000,  127, 64, 0,  2,  Iron_Heart_PH=an_efreeti_soldier
P -213.0000, 4511.0000, 0.0000,  127, 64, 0,  2,  Mischief_Darkheart_PH=a_jopal_mercenary
P -213.0000, 4711.0000, 0.0000,  127, 64, 0,  2,  Shockstone_PH=a_butte_armor
P -213.0000, 4911.0000, 0.0000,  127, 64, 0,  2,  Sister_of_the_Invisible_Heart_PH=an_ondine_ambassador
P -213.0000, 5111.0000, 0.0000,  127, 64, 0,  2,  Stalwart_Flicker_PH=a_pyrite_armor
P -213.0000, 5311.0000, 0.0000,  127, 64, 0,  2,  The_Burning_Mist_PH=an_elemental_of_purest_flame
P -213.0000, 5511.0000, 0.0000,  127, 64, 0,  2,  Wilting_Flames_PH=an_aging_lapillus_lava_spider
