L 1000.0000, 0.0000, 0.0000,  1000.0000, -50.0000, 0.0000,  255, 0, 0
L -20.0000, 50.0000, 0.0000,  -50.0000, 20.0000, 0.0000,  255, 0, 0
L 50.0000, 20.0000, 0.0000,  20.0000, 50.0000, 0.0000,  255, 0, 0
L 20.0000, -50.0000, 0.0000,  50.0000, -20.0000, 0.0000,  255, 0, 0
L -50.0000, -20.0000, 0.0000,  -20.0000, -50.0000, 0.0000,  255, 0, 0
L -50.0000, 20.0000, 0.0000,  -50.0000, -20.0000, 0.0000,  255, 0, 0
L 20.0000, 50.0000, 0.0000,  -20.0000, 50.0000, 0.0000,  255, 0, 0
L 50.0000, -20.0000, 0.0000,  50.0000, 20.0000, 0.0000,  255, 0, 0
L -20.0000, -50.0000, 0.0000,  20.0000, -50.0000, 0.0000,  255, 0, 0
L 580.0000, -20.0000, 0.0000,  540.0000, -20.0000, 0.0000,  255, 0, 0
L 580.0000, -90.0000, 0.0000,  580.0000, -20.0000, 0.0000,  255, 0, 0
L 540.0000, -90.0000, 0.0000,  580.0000, -90.0000, 0.0000,  255, 0, 0
L 540.0000, -20.0000, 0.0000,  540.0000, -90.0000, 0.0000,  255, 0, 0
L 520.0000, -20.0000, 0.0000,  480.0000, -20.0000, 0.0000,  255, 0, 0
L 520.0000, -90.0000, 0.0000,  520.0000, -20.0000, 0.0000,  255, 0, 0
L 480.0000, -90.0000, 0.0000,  520.0000, -90.0000, 0.0000,  255, 0, 0
L 480.0000, -20.0000, 0.0000,  480.0000, -90.0000, 0.0000,  255, 0, 0
L 460.0000, -90.0000, 0.0000,  450.0000, -80.0000, 0.0000,  255, 0, 0
L 460.0000, -20.0000, 0.0000,  460.0000, -90.0000, 0.0000,  255, 0, 0
L 0.0000, -250.0000, 0.0000,  0.0000, 250.0000, 0.0000,  255, 0, 0
L -250.0000, 0.0000, 0.0000,  1000.0000, 0.0000, 0.0000,  255, 0, 0
L -120.0000, -80.0000, 0.0000,  -120.0000, -60.0000, 0.0000,  255, 0, 0
L -120.0000, -60.0000, 0.0000,  -120.0000, -40.0000, 0.0000,  255, 0, 0
L -100.0000, -60.0000, 0.0000,  -120.0000, -60.0000, 0.0000,  255, 0, 0
L -120.0000, -60.0000, 0.0000,  -140.0000, -60.0000, 0.0000,  255, 0, 0
L -90.0000, -50.0000, 0.0000,  -100.0000, -30.0000, 0.0000,  255, 0, 0
L -60.0000, -80.0000, 0.0000,  -60.0000, -60.0000, 0.0000,  255, 0, 0
L -60.0000, -60.0000, 0.0000,  -60.0000, -40.0000, 0.0000,  255, 0, 0
L -40.0000, -60.0000, 0.0000,  -60.0000, -60.0000, 0.0000,  255, 0, 0
L -60.0000, -60.0000, 0.0000,  -80.0000, -60.0000, 0.0000,  255, 0, 0
L 100.0000, 60.0000, 0.0000,  120.0000, 60.0000, 0.0000,  255, 0, 0
L 120.0000, 60.0000, 0.0000,  140.0000, 60.0000, 0.0000,  255, 0, 0
L 90.0000, 70.0000, 0.0000,  80.0000, 90.0000, 0.0000,  255, 0, 0
L 40.0000, 60.0000, 0.0000,  60.0000, 60.0000, 0.0000,  255, 0, 0
L 60.0000, 60.0000, 0.0000,  80.0000, 60.0000, 0.0000,  255, 0, 0
L -100.0000, 60.0000, 0.0000,  -120.0000, 60.0000, 0.0000,  255, 0, 0
L -120.0000, 60.0000, 0.0000,  -140.0000, 60.0000, 0.0000,  255, 0, 0
L -90.0000, 70.0000, 0.0000,  -100.0000, 90.0000, 0.0000,  255, 0, 0
L -60.0000, 80.0000, 0.0000,  -60.0000, 60.0000, 0.0000,  255, 0, 0
L -60.0000, 60.0000, 0.0000,  -60.0000, 40.0000, 0.0000,  255, 0, 0
L -40.0000, 60.0000, 0.0000,  -60.0000, 60.0000, 0.0000,  255, 0, 0
L -60.0000, 60.0000, 0.0000,  -80.0000, 60.0000, 0.0000,  255, 0, 0
L 100.0000, -60.0000, 0.0000,  120.0000, -60.0000, 0.0000,  255, 0, 0
L 120.0000, -60.0000, 0.0000,  140.0000, -60.0000, 0.0000,  255, 0, 0
L 90.0000, -50.0000, 0.0000,  80.0000, -30.0000, 0.0000,  255, 0, 0
L 60.0000, -80.0000, 0.0000,  60.0000, -60.0000, 0.0000,  255, 0, 0
L 60.0000, -60.0000, 0.0000,  60.0000, -40.0000, 0.0000,  255, 0, 0
L 40.0000, -60.0000, 0.0000,  60.0000, -60.0000, 0.0000,  255, 0, 0
L 60.0000, -60.0000, 0.0000,  80.0000, -60.0000, 0.0000,  255, 0, 0
L 599.0000, -90.0000, 0.0000,  637.3000, -90.0000, 0.0000,  255, 0, 0
L 599.0000, -20.0000, 0.0000,  637.3000, -20.0000, 0.0000,  255, 0, 0
L 599.0000, -90.0000, 0.0000,  599.0000, -20.0000, 0.0000,  255, 0, 0
L 637.3000, -90.0000, 0.0000,  637.3000, -20.0000, 0.0000,  255, 0, 0
L 2144.0000, 1483.0000, 0.0000,  2144.0000, 1543.0000, 0.0000,  0, 0, 0
L 2184.0000, 1543.0000, 0.0000,  2144.0000, 1543.0000, 0.0000,  0, 0, 0
L 2204.0000, 1513.0000, 0.0000,  2234.0000, 1513.0000, 0.0000,  0, 0, 0
L 2204.0000, 1543.0000, 0.0000,  2234.0000, 1543.0000, 0.0000,  0, 0, 0
L 2204.0000, 1483.0000, 0.0000,  2204.0000, 1543.0000, 0.0000,  0, 0, 0
L 2234.0000, 1483.0000, 0.0000,  2204.0000, 1483.0000, 0.0000,  0, 0, 0
L 2284.0000, 1543.0000, 0.0000,  2254.0000, 1543.0000, 0.0000,  0, 0, 0
L 2254.0000, 1483.0000, 0.0000,  2284.0000, 1483.0000, 0.0000,  0, 0, 0
L 2254.0000, 1543.0000, 0.0000,  2254.0000, 1483.0000, 0.0000,  0, 0, 0
L 2284.0000, 1543.0000, 0.0000,  2284.0000, 1513.0000, 0.0000,  0, 0, 0
L 2284.0000, 1513.0000, 0.0000,  2264.0000, 1513.0000, 0.0000,  0, 0, 0
L 2304.0000, 1513.0000, 0.0000,  2334.0000, 1513.0000, 0.0000,  0, 0, 0
L 2304.0000, 1543.0000, 0.0000,  2334.0000, 1543.0000, 0.0000,  0, 0, 0
L 2304.0000, 1483.0000, 0.0000,  2304.0000, 1543.0000, 0.0000,  0, 0, 0
L 2334.0000, 1483.0000, 0.0000,  2304.0000, 1483.0000, 0.0000,  0, 0, 0
L 2384.0000, 1543.0000, 0.0000,  2384.0000, 1483.0000, 0.0000,  0, 0, 0
L 2354.0000, 1483.0000, 0.0000,  2384.0000, 1543.0000, 0.0000,  0, 0, 0
L 2354.0000, 1543.0000, 0.0000,  2354.0000, 1483.0000, 0.0000,  0, 0, 0
L 2414.0000, 1543.0000, 0.0000,  2414.0000, 1483.0000, 0.0000,  0, 0, 0
L 2424.0000, 1543.0000, 0.0000,  2404.0000, 1543.0000, 0.0000,  0, 0, 0
L 2434.0000, 1513.0000, 0.0000,  2424.0000, 1543.0000, 0.0000,  0, 0, 0
L 2424.0000, 1483.0000, 0.0000,  2434.0000, 1513.0000, 0.0000,  0, 0, 0
L 2404.0000, 1483.0000, 0.0000,  2424.0000, 1483.0000, 0.0000,  0, 0, 0
L 2144.0000, 1653.0000, 0.0000,  2204.0000, 1653.0000, 0.0000,  0, 0, 0
L 2144.0000, 1573.0000, 0.0000,  2204.0000, 1573.0000, 0.0000,  0, 0, 0
L 2174.0000, 1626.0000, 0.0000,  2174.0000, 1600.0000, 0.0000,  205, 133, 63
L 2204.0000, 1653.0000, 0.0000,  2264.0000, 1653.0000, 0.0000,  0, 0, 0
L 2204.0000, 1653.0000, 0.0000,  2204.0000, 1626.0000, 0.0000,  205, 133, 63
L 2174.0000, 1626.0000, 0.0000,  2234.0000, 1626.0000, 0.0000,  205, 133, 63
L 2174.0000, 1600.0000, 0.0000,  2204.0000, 1600.0000, 0.0000,  205, 133, 63
L 2204.0000, 1600.0000, 0.0000,  2234.0000, 1600.0000, 0.0000,  205, 133, 63
L 2204.0000, 1573.0000, 0.0000,  2264.0000, 1573.0000, 0.0000,  0, 0, 0
L 2204.0000, 1600.0000, 0.0000,  2204.0000, 1573.0000, 0.0000,  205, 133, 63
L 2234.0000, 1626.0000, 0.0000,  2234.0000, 1600.0000, 0.0000,  205, 133, 63
L 2314.0000, 1643.0000, 0.0000,  2314.0000, 1583.0000, 0.0000,  0, 0, 0
L 2324.0000, 1643.0000, 0.0000,  2304.0000, 1643.0000, 0.0000,  0, 0, 0
L 2334.0000, 1613.0000, 0.0000,  2324.0000, 1643.0000, 0.0000,  0, 0, 0
L 2324.0000, 1583.0000, 0.0000,  2334.0000, 1613.0000, 0.0000,  0, 0, 0
L 2304.0000, 1583.0000, 0.0000,  2324.0000, 1583.0000, 0.0000,  0, 0, 0
L 2354.0000, 1583.0000, 0.0000,  2384.0000, 1583.0000, 0.0000,  0, 0, 0
L 2354.0000, 1643.0000, 0.0000,  2384.0000, 1643.0000, 0.0000,  0, 0, 0
L 2354.0000, 1583.0000, 0.0000,  2354.0000, 1643.0000, 0.0000,  0, 0, 0
L 2384.0000, 1583.0000, 0.0000,  2384.0000, 1643.0000, 0.0000,  0, 0, 0
L 2404.0000, 1583.0000, 0.0000,  2434.0000, 1583.0000, 0.0000,  0, 0, 0
L 2404.0000, 1643.0000, 0.0000,  2434.0000, 1643.0000, 0.0000,  0, 0, 0
L 2404.0000, 1583.0000, 0.0000,  2404.0000, 1643.0000, 0.0000,  0, 0, 0
L 2434.0000, 1583.0000, 0.0000,  2434.0000, 1643.0000, 0.0000,  0, 0, 0
L 2454.0000, 1583.0000, 0.0000,  2454.0000, 1613.0000, 0.0000,  0, 0, 0
L 2454.0000, 1613.0000, 0.0000,  2454.0000, 1643.0000, 0.0000,  0, 0, 0
L 2454.0000, 1613.0000, 0.0000,  2474.0000, 1613.0000, 0.0000,  0, 0, 0
L 2494.0000, 1613.0000, 0.0000,  2494.0000, 1583.0000, 0.0000,  0, 0, 0
L 2454.0000, 1583.0000, 0.0000,  2494.0000, 1583.0000, 0.0000,  0, 0, 0
L 2474.0000, 1613.0000, 0.0000,  2494.0000, 1613.0000, 0.0000,  0, 0, 0
L 2494.0000, 1643.0000, 0.0000,  2474.0000, 1613.0000, 0.0000,  0, 0, 0
L 2144.0000, 1693.0000, 0.0000,  2144.0000, 1723.0000, 0.0000,  255, 210, 0
L 2144.0000, 1693.0000, 0.0000,  2164.0000, 1693.0000, 0.0000,  255, 210, 0
L 2164.0000, 1753.0000, 0.0000,  2144.0000, 1753.0000, 0.0000,  255, 210, 0
L 2144.0000, 1723.0000, 0.0000,  2144.0000, 1753.0000, 0.0000,  255, 210, 0
L 2164.0000, 1723.0000, 0.0000,  2144.0000, 1723.0000, 0.0000,  255, 210, 0
L 2164.0000, 1723.0000, 0.0000,  2184.0000, 1708.0000, 0.0000,  255, 210, 0
L 2164.0000, 1693.0000, 0.0000,  2184.0000, 1708.0000, 0.0000,  255, 210, 0
L 2164.0000, 1723.0000, 0.0000,  2184.0000, 1738.0000, 0.0000,  255, 210, 0
L 2184.0000, 1738.0000, 0.0000,  2164.0000, 1753.0000, 0.0000,  255, 210, 0
L 2214.0000, 1723.0000, 0.0000,  2234.0000, 1723.0000, 0.0000,  255, 210, 0
L 2224.0000, 1693.0000, 0.0000,  2244.0000, 1753.0000, 0.0000,  255, 210, 0
L 2204.0000, 1753.0000, 0.0000,  2224.0000, 1693.0000, 0.0000,  255, 210, 0
L 2294.0000, 1753.0000, 0.0000,  2294.0000, 1693.0000, 0.0000,  255, 210, 0
L 2264.0000, 1693.0000, 0.0000,  2294.0000, 1753.0000, 0.0000,  255, 210, 0
L 2264.0000, 1753.0000, 0.0000,  2264.0000, 1693.0000, 0.0000,  255, 210, 0
L 2314.0000, 1693.0000, 0.0000,  2314.0000, 1723.0000, 0.0000,  255, 210, 0
L 2314.0000, 1723.0000, 0.0000,  2314.0000, 1753.0000, 0.0000,  255, 210, 0
L 2314.0000, 1723.0000, 0.0000,  2354.0000, 1753.0000, 0.0000,  255, 210, 0
L 2314.0000, 1723.0000, 0.0000,  2354.0000, 1693.0000, 0.0000,  255, 210, 0
L 2374.0000, 1723.0000, 0.0000,  2404.0000, 1723.0000, 0.0000,  255, 210, 0
L 2374.0000, 1753.0000, 0.0000,  2404.0000, 1753.0000, 0.0000,  255, 210, 0
L 2374.0000, 1693.0000, 0.0000,  2374.0000, 1753.0000, 0.0000,  255, 210, 0
L 2404.0000, 1693.0000, 0.0000,  2374.0000, 1693.0000, 0.0000,  255, 210, 0
L 2424.0000, 1693.0000, 0.0000,  2424.0000, 1723.0000, 0.0000,  255, 210, 0
L 2424.0000, 1723.0000, 0.0000,  2424.0000, 1753.0000, 0.0000,  255, 210, 0
L 2424.0000, 1723.0000, 0.0000,  2444.0000, 1723.0000, 0.0000,  255, 210, 0
L 2464.0000, 1723.0000, 0.0000,  2464.0000, 1693.0000, 0.0000,  255, 210, 0
L 2424.0000, 1693.0000, 0.0000,  2464.0000, 1693.0000, 0.0000,  255, 210, 0
L 2444.0000, 1723.0000, 0.0000,  2464.0000, 1723.0000, 0.0000,  255, 210, 0
L 2464.0000, 1753.0000, 0.0000,  2444.0000, 1723.0000, 0.0000,  255, 210, 0
L 2174.0000, 1843.0000, 0.0000,  2144.0000, 1843.0000, 0.0000,  255, 255, 255
L 2144.0000, 1783.0000, 0.0000,  2174.0000, 1783.0000, 0.0000,  255, 255, 255
L 2144.0000, 1843.0000, 0.0000,  2144.0000, 1783.0000, 0.0000,  255, 255, 255
L 2194.0000, 1783.0000, 0.0000,  2224.0000, 1783.0000, 0.0000,  255, 255, 255
L 2194.0000, 1843.0000, 0.0000,  2224.0000, 1843.0000, 0.0000,  255, 255, 255
L 2194.0000, 1783.0000, 0.0000,  2194.0000, 1843.0000, 0.0000,  255, 255, 255
L 2224.0000, 1783.0000, 0.0000,  2224.0000, 1843.0000, 0.0000,  255, 255, 255
L 2284.0000, 1783.0000, 0.0000,  2284.0000, 1843.0000, 0.0000,  255, 255, 255
L 2264.0000, 1813.0000, 0.0000,  2284.0000, 1783.0000, 0.0000,  255, 255, 255
L 2244.0000, 1783.0000, 0.0000,  2264.0000, 1813.0000, 0.0000,  255, 255, 255
L 2244.0000, 1843.0000, 0.0000,  2244.0000, 1783.0000, 0.0000,  255, 255, 255
L 2344.0000, 1783.0000, 0.0000,  2344.0000, 1843.0000, 0.0000,  255, 255, 255
L 2324.0000, 1813.0000, 0.0000,  2344.0000, 1783.0000, 0.0000,  255, 255, 255
L 2304.0000, 1783.0000, 0.0000,  2324.0000, 1813.0000, 0.0000,  255, 255, 255
L 2304.0000, 1843.0000, 0.0000,  2304.0000, 1783.0000, 0.0000,  255, 255, 255
L 2364.0000, 1813.0000, 0.0000,  2394.0000, 1813.0000, 0.0000,  255, 255, 255
L 2364.0000, 1843.0000, 0.0000,  2394.0000, 1843.0000, 0.0000,  255, 255, 255
L 2364.0000, 1783.0000, 0.0000,  2364.0000, 1843.0000, 0.0000,  255, 255, 255
L 2394.0000, 1783.0000, 0.0000,  2364.0000, 1783.0000, 0.0000,  255, 255, 255
L 2444.0000, 1843.0000, 0.0000,  2444.0000, 1783.0000, 0.0000,  255, 255, 255
L 2414.0000, 1783.0000, 0.0000,  2444.0000, 1843.0000, 0.0000,  255, 255, 255
L 2414.0000, 1843.0000, 0.0000,  2414.0000, 1783.0000, 0.0000,  255, 255, 255
L 2484.0000, 1783.0000, 0.0000,  2484.0000, 1843.0000, 0.0000,  255, 255, 255
L 2464.0000, 1783.0000, 0.0000,  2504.0000, 1783.0000, 0.0000,  255, 255, 255
L 2174.0000, 1933.0000, 0.0000,  2144.0000, 1933.0000, 0.0000,  0, 0, 0
L 2144.0000, 1873.0000, 0.0000,  2174.0000, 1873.0000, 0.0000,  0, 0, 0
L 2144.0000, 1933.0000, 0.0000,  2144.0000, 1873.0000, 0.0000,  0, 0, 0
L 2174.0000, 1933.0000, 0.0000,  2174.0000, 1903.0000, 0.0000,  0, 0, 0
L 2174.0000, 1903.0000, 0.0000,  2154.0000, 1903.0000, 0.0000,  0, 0, 0
L 2194.0000, 1903.0000, 0.0000,  2224.0000, 1903.0000, 0.0000,  0, 0, 0
L 2194.0000, 1933.0000, 0.0000,  2224.0000, 1933.0000, 0.0000,  0, 0, 0
L 2194.0000, 1873.0000, 0.0000,  2194.0000, 1933.0000, 0.0000,  0, 0, 0
L 2224.0000, 1873.0000, 0.0000,  2194.0000, 1873.0000, 0.0000,  0, 0, 0
L 2274.0000, 1933.0000, 0.0000,  2274.0000, 1873.0000, 0.0000,  0, 0, 0
L 2244.0000, 1873.0000, 0.0000,  2274.0000, 1933.0000, 0.0000,  0, 0, 0
L 2244.0000, 1933.0000, 0.0000,  2244.0000, 1873.0000, 0.0000,  0, 0, 0
L 2294.0000, 1903.0000, 0.0000,  2324.0000, 1903.0000, 0.0000,  0, 0, 0
L 2294.0000, 1933.0000, 0.0000,  2324.0000, 1933.0000, 0.0000,  0, 0, 0
L 2294.0000, 1873.0000, 0.0000,  2294.0000, 1933.0000, 0.0000,  0, 0, 0
L 2324.0000, 1873.0000, 0.0000,  2294.0000, 1873.0000, 0.0000,  0, 0, 0
L 2344.0000, 1873.0000, 0.0000,  2344.0000, 1903.0000, 0.0000,  0, 0, 0
L 2344.0000, 1903.0000, 0.0000,  2344.0000, 1933.0000, 0.0000,  0, 0, 0
L 2344.0000, 1903.0000, 0.0000,  2364.0000, 1903.0000, 0.0000,  0, 0, 0
L 2384.0000, 1903.0000, 0.0000,  2384.0000, 1873.0000, 0.0000,  0, 0, 0
L 2344.0000, 1873.0000, 0.0000,  2384.0000, 1873.0000, 0.0000,  0, 0, 0
L 2364.0000, 1903.0000, 0.0000,  2384.0000, 1903.0000, 0.0000,  0, 0, 0
L 2384.0000, 1933.0000, 0.0000,  2364.0000, 1903.0000, 0.0000,  0, 0, 0
L 2414.0000, 1903.0000, 0.0000,  2434.0000, 1903.0000, 0.0000,  0, 0, 0
L 2424.0000, 1873.0000, 0.0000,  2444.0000, 1933.0000, 0.0000,  0, 0, 0
L 2404.0000, 1933.0000, 0.0000,  2424.0000, 1873.0000, 0.0000,  0, 0, 0
L 2464.0000, 1873.0000, 0.0000,  2464.0000, 1933.0000, 0.0000,  0, 0, 0
L 2504.0000, 1933.0000, 0.0000,  2464.0000, 1933.0000, 0.0000,  0, 0, 0
L 2174.0000, 2023.0000, 0.0000,  2144.0000, 2023.0000, 0.0000,  0, 0, 255
L 2144.0000, 1963.0000, 0.0000,  2174.0000, 1963.0000, 0.0000,  0, 0, 255
L 2144.0000, 2023.0000, 0.0000,  2144.0000, 1963.0000, 0.0000,  0, 0, 255
L 2174.0000, 2023.0000, 0.0000,  2174.0000, 1993.0000, 0.0000,  0, 0, 255
L 2174.0000, 1993.0000, 0.0000,  2154.0000, 1993.0000, 0.0000,  0, 0, 255
L 2194.0000, 1963.0000, 0.0000,  2194.0000, 1993.0000, 0.0000,  0, 0, 255
L 2194.0000, 1993.0000, 0.0000,  2194.0000, 2023.0000, 0.0000,  0, 0, 255
L 2194.0000, 1993.0000, 0.0000,  2214.0000, 1993.0000, 0.0000,  0, 0, 255
L 2234.0000, 1993.0000, 0.0000,  2234.0000, 1963.0000, 0.0000,  0, 0, 255
L 2194.0000, 1963.0000, 0.0000,  2234.0000, 1963.0000, 0.0000,  0, 0, 255
L 2214.0000, 1993.0000, 0.0000,  2234.0000, 1993.0000, 0.0000,  0, 0, 255
L 2234.0000, 2023.0000, 0.0000,  2214.0000, 1993.0000, 0.0000,  0, 0, 255
L 2254.0000, 1963.0000, 0.0000,  2284.0000, 1963.0000, 0.0000,  0, 0, 255
L 2254.0000, 2023.0000, 0.0000,  2284.0000, 2023.0000, 0.0000,  0, 0, 255
L 2254.0000, 1963.0000, 0.0000,  2254.0000, 2023.0000, 0.0000,  0, 0, 255
L 2284.0000, 1963.0000, 0.0000,  2284.0000, 2023.0000, 0.0000,  0, 0, 255
L 2344.0000, 1963.0000, 0.0000,  2344.0000, 2023.0000, 0.0000,  0, 0, 255
L 2304.0000, 1963.0000, 0.0000,  2304.0000, 2023.0000, 0.0000,  0, 0, 255
L 2304.0000, 2023.0000, 0.0000,  2344.0000, 2023.0000, 0.0000,  0, 0, 255
L 2394.0000, 2023.0000, 0.0000,  2394.0000, 1963.0000, 0.0000,  0, 0, 255
L 2364.0000, 1963.0000, 0.0000,  2394.0000, 2023.0000, 0.0000,  0, 0, 255
L 2364.0000, 2023.0000, 0.0000,  2364.0000, 1963.0000, 0.0000,  0, 0, 255
L 2424.0000, 2023.0000, 0.0000,  2424.0000, 1963.0000, 0.0000,  0, 0, 255
L 2434.0000, 2023.0000, 0.0000,  2414.0000, 2023.0000, 0.0000,  0, 0, 255
L 2444.0000, 1993.0000, 0.0000,  2434.0000, 2023.0000, 0.0000,  0, 0, 255
L 2434.0000, 1963.0000, 0.0000,  2444.0000, 1993.0000, 0.0000,  0, 0, 255
L 2414.0000, 1963.0000, 0.0000,  2434.0000, 1963.0000, 0.0000,  0, 0, 255
L 2524.0000, 1963.0000, 0.0000,  2524.0000, 1993.0000, 0.0000,  0, 0, 255
L 2524.0000, 2023.0000, 0.0000,  2564.0000, 2023.0000, 0.0000,  0, 0, 255
L 2564.0000, 1993.0000, 0.0000,  2524.0000, 1993.0000, 0.0000,  0, 0, 255
L 2524.0000, 1963.0000, 0.0000,  2564.0000, 1963.0000, 0.0000,  0, 0, 255
L 2564.0000, 1993.0000, 0.0000,  2564.0000, 2023.0000, 0.0000,  0, 0, 255
L 2614.0000, 1993.0000, 0.0000,  2584.0000, 1993.0000, 0.0000,  0, 0, 255
L 2614.0000, 1963.0000, 0.0000,  2614.0000, 1993.0000, 0.0000,  0, 0, 255
L 2584.0000, 1963.0000, 0.0000,  2614.0000, 1963.0000, 0.0000,  0, 0, 255
L 2584.0000, 2023.0000, 0.0000,  2584.0000, 1963.0000, 0.0000,  0, 0, 255
L 2644.0000, 1993.0000, 0.0000,  2664.0000, 1993.0000, 0.0000,  0, 0, 255
L 2654.0000, 1963.0000, 0.0000,  2674.0000, 2023.0000, 0.0000,  0, 0, 255
L 2634.0000, 2023.0000, 0.0000,  2654.0000, 1963.0000, 0.0000,  0, 0, 255
L 2724.0000, 2023.0000, 0.0000,  2734.0000, 1963.0000, 0.0000,  0, 0, 255
L 2714.0000, 1993.0000, 0.0000,  2724.0000, 2023.0000, 0.0000,  0, 0, 255
L 2704.0000, 2023.0000, 0.0000,  2714.0000, 1993.0000, 0.0000,  0, 0, 255
L 2694.0000, 1963.0000, 0.0000,  2704.0000, 2023.0000, 0.0000,  0, 0, 255
L 2784.0000, 2023.0000, 0.0000,  2784.0000, 1963.0000, 0.0000,  0, 0, 255
L 2754.0000, 1963.0000, 0.0000,  2784.0000, 2023.0000, 0.0000,  0, 0, 255
L 2754.0000, 2023.0000, 0.0000,  2754.0000, 1963.0000, 0.0000,  0, 0, 255
L 2174.0000, 2113.0000, 0.0000,  2144.0000, 2113.0000, 0.0000,  128, 128, 128
L 2144.0000, 2053.0000, 0.0000,  2174.0000, 2053.0000, 0.0000,  128, 128, 128
L 2144.0000, 2113.0000, 0.0000,  2144.0000, 2053.0000, 0.0000,  128, 128, 128
L 2174.0000, 2113.0000, 0.0000,  2174.0000, 2083.0000, 0.0000,  128, 128, 128
L 2174.0000, 2083.0000, 0.0000,  2154.0000, 2083.0000, 0.0000,  128, 128, 128
L 2234.0000, 2053.0000, 0.0000,  2234.0000, 2113.0000, 0.0000,  128, 128, 128
L 2194.0000, 2053.0000, 0.0000,  2194.0000, 2113.0000, 0.0000,  128, 128, 128
L 2194.0000, 2113.0000, 0.0000,  2234.0000, 2113.0000, 0.0000,  128, 128, 128
L 2254.0000, 2053.0000, 0.0000,  2254.0000, 2113.0000, 0.0000,  128, 128, 128
L 2274.0000, 2053.0000, 0.0000,  2274.0000, 2113.0000, 0.0000,  128, 128, 128
L 2314.0000, 2113.0000, 0.0000,  2274.0000, 2113.0000, 0.0000,  128, 128, 128
L 2344.0000, 2113.0000, 0.0000,  2344.0000, 2053.0000, 0.0000,  128, 128, 128
L 2354.0000, 2113.0000, 0.0000,  2334.0000, 2113.0000, 0.0000,  128, 128, 128
L 2364.0000, 2083.0000, 0.0000,  2354.0000, 2113.0000, 0.0000,  128, 128, 128
L 2354.0000, 2053.0000, 0.0000,  2364.0000, 2083.0000, 0.0000,  128, 128, 128
L 2334.0000, 2053.0000, 0.0000,  2354.0000, 2053.0000, 0.0000,  128, 128, 128
L 2484.0000, 2053.0000, 0.0000,  2484.0000, 2113.0000, 0.0000,  128, 128, 128
L 2464.0000, 2083.0000, 0.0000,  2484.0000, 2053.0000, 0.0000,  128, 128, 128
L 2444.0000, 2053.0000, 0.0000,  2464.0000, 2083.0000, 0.0000,  128, 128, 128
L 2444.0000, 2113.0000, 0.0000,  2444.0000, 2053.0000, 0.0000,  128, 128, 128
L 2514.0000, 2083.0000, 0.0000,  2534.0000, 2083.0000, 0.0000,  128, 128, 128
L 2524.0000, 2053.0000, 0.0000,  2544.0000, 2113.0000, 0.0000,  128, 128, 128
L 2504.0000, 2113.0000, 0.0000,  2524.0000, 2053.0000, 0.0000,  128, 128, 128
L 2564.0000, 2053.0000, 0.0000,  2564.0000, 2083.0000, 0.0000,  128, 128, 128
L 2564.0000, 2113.0000, 0.0000,  2604.0000, 2113.0000, 0.0000,  128, 128, 128
L 2604.0000, 2083.0000, 0.0000,  2564.0000, 2083.0000, 0.0000,  128, 128, 128
L 2564.0000, 2053.0000, 0.0000,  2604.0000, 2053.0000, 0.0000,  128, 128, 128
L 2604.0000, 2083.0000, 0.0000,  2604.0000, 2113.0000, 0.0000,  128, 128, 128
L 2644.0000, 2053.0000, 0.0000,  2644.0000, 2113.0000, 0.0000,  128, 128, 128
L 2624.0000, 2053.0000, 0.0000,  2664.0000, 2053.0000, 0.0000,  128, 128, 128
L 2684.0000, 2083.0000, 0.0000,  2714.0000, 2083.0000, 0.0000,  128, 128, 128
L 2684.0000, 2113.0000, 0.0000,  2714.0000, 2113.0000, 0.0000,  128, 128, 128
L 2684.0000, 2053.0000, 0.0000,  2684.0000, 2113.0000, 0.0000,  128, 128, 128
L 2714.0000, 2053.0000, 0.0000,  2684.0000, 2053.0000, 0.0000,  128, 128, 128
L 2734.0000, 2053.0000, 0.0000,  2734.0000, 2083.0000, 0.0000,  128, 128, 128
L 2734.0000, 2083.0000, 0.0000,  2734.0000, 2113.0000, 0.0000,  128, 128, 128
L 2734.0000, 2083.0000, 0.0000,  2754.0000, 2083.0000, 0.0000,  128, 128, 128
L 2774.0000, 2083.0000, 0.0000,  2774.0000, 2053.0000, 0.0000,  128, 128, 128
L 2734.0000, 2053.0000, 0.0000,  2774.0000, 2053.0000, 0.0000,  128, 128, 128
L 2754.0000, 2083.0000, 0.0000,  2774.0000, 2083.0000, 0.0000,  128, 128, 128
L 2774.0000, 2113.0000, 0.0000,  2754.0000, 2083.0000, 0.0000,  128, 128, 128
L 2144.0000, 2143.0000, 0.0000,  2144.0000, 2173.0000, 0.0000,  127, 64, 0
L 2184.0000, 2203.0000, 0.0000,  2184.0000, 2173.0000, 0.0000,  127, 64, 0
L 2144.0000, 2173.0000, 0.0000,  2144.0000, 2203.0000, 0.0000,  127, 64, 0
L 2184.0000, 2173.0000, 0.0000,  2184.0000, 2143.0000, 0.0000,  127, 64, 0
L 2144.0000, 2173.0000, 0.0000,  2184.0000, 2173.0000, 0.0000,  127, 64, 0
L 2244.0000, 2143.0000, 0.0000,  2244.0000, 2203.0000, 0.0000,  127, 64, 0
L 2204.0000, 2143.0000, 0.0000,  2204.0000, 2203.0000, 0.0000,  127, 64, 0
L 2204.0000, 2203.0000, 0.0000,  2244.0000, 2203.0000, 0.0000,  127, 64, 0
L 2294.0000, 2203.0000, 0.0000,  2294.0000, 2143.0000, 0.0000,  127, 64, 0
L 2264.0000, 2143.0000, 0.0000,  2294.0000, 2203.0000, 0.0000,  127, 64, 0
L 2264.0000, 2203.0000, 0.0000,  2264.0000, 2143.0000, 0.0000,  127, 64, 0
L 2334.0000, 2143.0000, 0.0000,  2334.0000, 2203.0000, 0.0000,  127, 64, 0
L 2314.0000, 2143.0000, 0.0000,  2354.0000, 2143.0000, 0.0000,  127, 64, 0
L 2374.0000, 2173.0000, 0.0000,  2404.0000, 2173.0000, 0.0000,  127, 64, 0
L 2374.0000, 2203.0000, 0.0000,  2404.0000, 2203.0000, 0.0000,  127, 64, 0
L 2374.0000, 2143.0000, 0.0000,  2374.0000, 2203.0000, 0.0000,  127, 64, 0
L 2404.0000, 2143.0000, 0.0000,  2374.0000, 2143.0000, 0.0000,  127, 64, 0
L 2424.0000, 2143.0000, 0.0000,  2424.0000, 2173.0000, 0.0000,  127, 64, 0
L 2424.0000, 2173.0000, 0.0000,  2424.0000, 2203.0000, 0.0000,  127, 64, 0
L 2424.0000, 2173.0000, 0.0000,  2444.0000, 2173.0000, 0.0000,  127, 64, 0
L 2464.0000, 2173.0000, 0.0000,  2464.0000, 2143.0000, 0.0000,  127, 64, 0
L 2424.0000, 2143.0000, 0.0000,  2464.0000, 2143.0000, 0.0000,  127, 64, 0
L 2444.0000, 2173.0000, 0.0000,  2464.0000, 2173.0000, 0.0000,  127, 64, 0
L 2464.0000, 2203.0000, 0.0000,  2444.0000, 2173.0000, 0.0000,  127, 64, 0
L 2184.0000, 2233.0000, 0.0000,  2184.0000, 2293.0000, 0.0000,  0, 127, 0
L 2164.0000, 2263.0000, 0.0000,  2184.0000, 2233.0000, 0.0000,  0, 127, 0
L 2144.0000, 2233.0000, 0.0000,  2164.0000, 2263.0000, 0.0000,  0, 127, 0
L 2144.0000, 2293.0000, 0.0000,  2144.0000, 2233.0000, 0.0000,  0, 127, 0
L 2204.0000, 2263.0000, 0.0000,  2234.0000, 2263.0000, 0.0000,  0, 127, 0
L 2204.0000, 2293.0000, 0.0000,  2234.0000, 2293.0000, 0.0000,  0, 127, 0
L 2204.0000, 2233.0000, 0.0000,  2204.0000, 2293.0000, 0.0000,  0, 127, 0
L 2234.0000, 2233.0000, 0.0000,  2204.0000, 2233.0000, 0.0000,  0, 127, 0
L 2254.0000, 2233.0000, 0.0000,  2254.0000, 2263.0000, 0.0000,  0, 127, 0
L 2254.0000, 2263.0000, 0.0000,  2254.0000, 2293.0000, 0.0000,  0, 127, 0
L 2254.0000, 2263.0000, 0.0000,  2274.0000, 2263.0000, 0.0000,  0, 127, 0
L 2294.0000, 2263.0000, 0.0000,  2294.0000, 2233.0000, 0.0000,  0, 127, 0
L 2254.0000, 2233.0000, 0.0000,  2294.0000, 2233.0000, 0.0000,  0, 127, 0
L 2274.0000, 2263.0000, 0.0000,  2294.0000, 2263.0000, 0.0000,  0, 127, 0
L 2294.0000, 2293.0000, 0.0000,  2274.0000, 2263.0000, 0.0000,  0, 127, 0
L 2344.0000, 2293.0000, 0.0000,  2314.0000, 2293.0000, 0.0000,  0, 127, 0
L 2314.0000, 2233.0000, 0.0000,  2344.0000, 2233.0000, 0.0000,  0, 127, 0
L 2314.0000, 2293.0000, 0.0000,  2314.0000, 2233.0000, 0.0000,  0, 127, 0
L 2364.0000, 2233.0000, 0.0000,  2364.0000, 2263.0000, 0.0000,  0, 127, 0
L 2404.0000, 2293.0000, 0.0000,  2404.0000, 2263.0000, 0.0000,  0, 127, 0
L 2364.0000, 2263.0000, 0.0000,  2364.0000, 2293.0000, 0.0000,  0, 127, 0
L 2404.0000, 2263.0000, 0.0000,  2404.0000, 2233.0000, 0.0000,  0, 127, 0
L 2364.0000, 2263.0000, 0.0000,  2404.0000, 2263.0000, 0.0000,  0, 127, 0
L 2434.0000, 2263.0000, 0.0000,  2454.0000, 2263.0000, 0.0000,  0, 127, 0
L 2444.0000, 2233.0000, 0.0000,  2464.0000, 2293.0000, 0.0000,  0, 127, 0
L 2424.0000, 2293.0000, 0.0000,  2444.0000, 2233.0000, 0.0000,  0, 127, 0
L 2514.0000, 2293.0000, 0.0000,  2514.0000, 2233.0000, 0.0000,  0, 127, 0
L 2484.0000, 2233.0000, 0.0000,  2514.0000, 2293.0000, 0.0000,  0, 127, 0
L 2484.0000, 2293.0000, 0.0000,  2484.0000, 2233.0000, 0.0000,  0, 127, 0
L 2554.0000, 2233.0000, 0.0000,  2554.0000, 2293.0000, 0.0000,  0, 127, 0
L 2534.0000, 2233.0000, 0.0000,  2574.0000, 2233.0000, 0.0000,  0, 127, 0
L 2184.0000, 2323.0000, 0.0000,  2184.0000, 2383.0000, 0.0000,  0, 127, 127
L 2164.0000, 2353.0000, 0.0000,  2184.0000, 2323.0000, 0.0000,  0, 127, 127
L 2144.0000, 2323.0000, 0.0000,  2164.0000, 2353.0000, 0.0000,  0, 127, 127
L 2144.0000, 2383.0000, 0.0000,  2144.0000, 2323.0000, 0.0000,  0, 127, 127
L 2204.0000, 2323.0000, 0.0000,  2204.0000, 2383.0000, 0.0000,  0, 127, 127
L 2224.0000, 2323.0000, 0.0000,  2224.0000, 2353.0000, 0.0000,  0, 127, 127
L 2224.0000, 2383.0000, 0.0000,  2264.0000, 2383.0000, 0.0000,  0, 127, 127
L 2264.0000, 2353.0000, 0.0000,  2224.0000, 2353.0000, 0.0000,  0, 127, 127
L 2224.0000, 2323.0000, 0.0000,  2264.0000, 2323.0000, 0.0000,  0, 127, 127
L 2264.0000, 2353.0000, 0.0000,  2264.0000, 2383.0000, 0.0000,  0, 127, 127
L 2284.0000, 2323.0000, 0.0000,  2284.0000, 2353.0000, 0.0000,  0, 127, 127
L 2284.0000, 2383.0000, 0.0000,  2324.0000, 2383.0000, 0.0000,  0, 127, 127
L 2324.0000, 2353.0000, 0.0000,  2284.0000, 2353.0000, 0.0000,  0, 127, 127
L 2284.0000, 2323.0000, 0.0000,  2324.0000, 2323.0000, 0.0000,  0, 127, 127
L 2324.0000, 2353.0000, 0.0000,  2324.0000, 2383.0000, 0.0000,  0, 127, 127
L 2344.0000, 2323.0000, 0.0000,  2344.0000, 2383.0000, 0.0000,  0, 127, 127
L 2364.0000, 2323.0000, 0.0000,  2394.0000, 2323.0000, 0.0000,  0, 127, 127
L 2364.0000, 2383.0000, 0.0000,  2394.0000, 2383.0000, 0.0000,  0, 127, 127
L 2364.0000, 2323.0000, 0.0000,  2364.0000, 2383.0000, 0.0000,  0, 127, 127
L 2394.0000, 2323.0000, 0.0000,  2394.0000, 2383.0000, 0.0000,  0, 127, 127
L 2444.0000, 2383.0000, 0.0000,  2444.0000, 2323.0000, 0.0000,  0, 127, 127
L 2414.0000, 2323.0000, 0.0000,  2444.0000, 2383.0000, 0.0000,  0, 127, 127
L 2414.0000, 2383.0000, 0.0000,  2414.0000, 2323.0000, 0.0000,  0, 127, 127
L 2174.0000, 2473.0000, 0.0000,  2174.0000, 2413.0000, 0.0000,  127, 64, 0
L 2144.0000, 2413.0000, 0.0000,  2174.0000, 2473.0000, 0.0000,  127, 64, 0
L 2144.0000, 2473.0000, 0.0000,  2144.0000, 2413.0000, 0.0000,  127, 64, 0
L 2204.0000, 2443.0000, 0.0000,  2224.0000, 2443.0000, 0.0000,  127, 64, 0
L 2214.0000, 2413.0000, 0.0000,  2234.0000, 2473.0000, 0.0000,  127, 64, 0
L 2194.0000, 2473.0000, 0.0000,  2214.0000, 2413.0000, 0.0000,  127, 64, 0
L 2294.0000, 2413.0000, 0.0000,  2294.0000, 2473.0000, 0.0000,  127, 64, 0
L 2274.0000, 2443.0000, 0.0000,  2294.0000, 2413.0000, 0.0000,  127, 64, 0
L 2254.0000, 2413.0000, 0.0000,  2274.0000, 2443.0000, 0.0000,  127, 64, 0
L 2254.0000, 2473.0000, 0.0000,  2254.0000, 2413.0000, 0.0000,  127, 64, 0
L 2314.0000, 2443.0000, 0.0000,  2344.0000, 2443.0000, 0.0000,  127, 64, 0
L 2314.0000, 2473.0000, 0.0000,  2344.0000, 2473.0000, 0.0000,  127, 64, 0
L 2314.0000, 2413.0000, 0.0000,  2314.0000, 2473.0000, 0.0000,  127, 64, 0
L 2344.0000, 2413.0000, 0.0000,  2314.0000, 2413.0000, 0.0000,  127, 64, 0
L 2374.0000, 2473.0000, 0.0000,  2374.0000, 2413.0000, 0.0000,  127, 64, 0
L 2384.0000, 2473.0000, 0.0000,  2364.0000, 2473.0000, 0.0000,  127, 64, 0
L 2394.0000, 2443.0000, 0.0000,  2384.0000, 2473.0000, 0.0000,  127, 64, 0
L 2384.0000, 2413.0000, 0.0000,  2394.0000, 2443.0000, 0.0000,  127, 64, 0
L 2364.0000, 2413.0000, 0.0000,  2384.0000, 2413.0000, 0.0000,  127, 64, 0
L 2174.0000, 2533.0000, 0.0000,  2144.0000, 2533.0000, 0.0000,  0, 255, 0
L 2174.0000, 2503.0000, 0.0000,  2174.0000, 2533.0000, 0.0000,  0, 255, 0
L 2144.0000, 2503.0000, 0.0000,  2174.0000, 2503.0000, 0.0000,  0, 255, 0
L 2144.0000, 2563.0000, 0.0000,  2144.0000, 2503.0000, 0.0000,  0, 255, 0
L 2204.0000, 2533.0000, 0.0000,  2224.0000, 2533.0000, 0.0000,  0, 255, 0
L 2214.0000, 2503.0000, 0.0000,  2234.0000, 2563.0000, 0.0000,  0, 255, 0
L 2194.0000, 2563.0000, 0.0000,  2214.0000, 2503.0000, 0.0000,  0, 255, 0
L 2254.0000, 2503.0000, 0.0000,  2254.0000, 2533.0000, 0.0000,  0, 255, 0
L 2254.0000, 2533.0000, 0.0000,  2254.0000, 2563.0000, 0.0000,  0, 255, 0
L 2254.0000, 2533.0000, 0.0000,  2274.0000, 2533.0000, 0.0000,  0, 255, 0
L 2294.0000, 2533.0000, 0.0000,  2294.0000, 2503.0000, 0.0000,  0, 255, 0
L 2254.0000, 2503.0000, 0.0000,  2294.0000, 2503.0000, 0.0000,  0, 255, 0
L 2274.0000, 2533.0000, 0.0000,  2294.0000, 2533.0000, 0.0000,  0, 255, 0
L 2294.0000, 2563.0000, 0.0000,  2274.0000, 2533.0000, 0.0000,  0, 255, 0
L 2344.0000, 2563.0000, 0.0000,  2314.0000, 2563.0000, 0.0000,  0, 255, 0
L 2314.0000, 2503.0000, 0.0000,  2344.0000, 2503.0000, 0.0000,  0, 255, 0
L 2314.0000, 2563.0000, 0.0000,  2314.0000, 2503.0000, 0.0000,  0, 255, 0
L 2364.0000, 2533.0000, 0.0000,  2394.0000, 2533.0000, 0.0000,  0, 255, 0
L 2364.0000, 2563.0000, 0.0000,  2394.0000, 2563.0000, 0.0000,  0, 255, 0
L 2364.0000, 2503.0000, 0.0000,  2364.0000, 2563.0000, 0.0000,  0, 255, 0
L 2394.0000, 2503.0000, 0.0000,  2364.0000, 2503.0000, 0.0000,  0, 255, 0
L 2414.0000, 2503.0000, 0.0000,  2414.0000, 2563.0000, 0.0000,  0, 255, 0
L 2454.0000, 2563.0000, 0.0000,  2414.0000, 2563.0000, 0.0000,  0, 255, 0
L 2474.0000, 2503.0000, 0.0000,  2474.0000, 2533.0000, 0.0000,  0, 255, 0
L 2474.0000, 2563.0000, 0.0000,  2514.0000, 2563.0000, 0.0000,  0, 255, 0
L 2514.0000, 2533.0000, 0.0000,  2474.0000, 2533.0000, 0.0000,  0, 255, 0
L 2474.0000, 2503.0000, 0.0000,  2514.0000, 2503.0000, 0.0000,  0, 255, 0
L 2514.0000, 2533.0000, 0.0000,  2514.0000, 2563.0000, 0.0000,  0, 255, 0
L 2144.0000, 2593.0000, 0.0000,  2144.0000, 2623.0000, 0.0000,  0, 240, 240
L 2144.0000, 2623.0000, 0.0000,  2144.0000, 2653.0000, 0.0000,  0, 240, 240
L 2144.0000, 2623.0000, 0.0000,  2164.0000, 2623.0000, 0.0000,  0, 240, 240
L 2184.0000, 2623.0000, 0.0000,  2184.0000, 2593.0000, 0.0000,  0, 240, 240
L 2144.0000, 2593.0000, 0.0000,  2184.0000, 2593.0000, 0.0000,  0, 240, 240
L 2164.0000, 2623.0000, 0.0000,  2184.0000, 2623.0000, 0.0000,  0, 240, 240
L 2184.0000, 2653.0000, 0.0000,  2164.0000, 2623.0000, 0.0000,  0, 240, 240
L 2214.0000, 2623.0000, 0.0000,  2234.0000, 2623.0000, 0.0000,  0, 240, 240
L 2224.0000, 2593.0000, 0.0000,  2244.0000, 2653.0000, 0.0000,  0, 240, 240
L 2204.0000, 2653.0000, 0.0000,  2224.0000, 2593.0000, 0.0000,  0, 240, 240
L 2264.0000, 2593.0000, 0.0000,  2264.0000, 2653.0000, 0.0000,  0, 240, 240
L 2294.0000, 2653.0000, 0.0000,  2294.0000, 2593.0000, 0.0000,  0, 240, 240
L 2304.0000, 2653.0000, 0.0000,  2284.0000, 2653.0000, 0.0000,  0, 240, 240
L 2314.0000, 2623.0000, 0.0000,  2304.0000, 2653.0000, 0.0000,  0, 240, 240
L 2304.0000, 2593.0000, 0.0000,  2314.0000, 2623.0000, 0.0000,  0, 240, 240
L 2284.0000, 2593.0000, 0.0000,  2304.0000, 2593.0000, 0.0000,  0, 240, 240
L 2144.0000, 2683.0000, 0.0000,  2144.0000, 2713.0000, 0.0000,  0, 255, 0
L 2144.0000, 2743.0000, 0.0000,  2184.0000, 2743.0000, 0.0000,  0, 255, 0
L 2184.0000, 2713.0000, 0.0000,  2144.0000, 2713.0000, 0.0000,  0, 255, 0
L 2144.0000, 2683.0000, 0.0000,  2184.0000, 2683.0000, 0.0000,  0, 255, 0
L 2184.0000, 2713.0000, 0.0000,  2184.0000, 2743.0000, 0.0000,  0, 255, 0
L 2234.0000, 2713.0000, 0.0000,  2204.0000, 2713.0000, 0.0000,  0, 255, 0
L 2234.0000, 2683.0000, 0.0000,  2234.0000, 2713.0000, 0.0000,  0, 255, 0
L 2204.0000, 2683.0000, 0.0000,  2234.0000, 2683.0000, 0.0000,  0, 255, 0
L 2204.0000, 2743.0000, 0.0000,  2204.0000, 2683.0000, 0.0000,  0, 255, 0
L 2254.0000, 2713.0000, 0.0000,  2284.0000, 2713.0000, 0.0000,  0, 255, 0
L 2254.0000, 2743.0000, 0.0000,  2284.0000, 2743.0000, 0.0000,  0, 255, 0
L 2254.0000, 2683.0000, 0.0000,  2254.0000, 2743.0000, 0.0000,  0, 255, 0
L 2284.0000, 2683.0000, 0.0000,  2254.0000, 2683.0000, 0.0000,  0, 255, 0
L 2334.0000, 2743.0000, 0.0000,  2304.0000, 2743.0000, 0.0000,  0, 255, 0
L 2304.0000, 2683.0000, 0.0000,  2334.0000, 2683.0000, 0.0000,  0, 255, 0
L 2304.0000, 2743.0000, 0.0000,  2304.0000, 2683.0000, 0.0000,  0, 255, 0
L 2354.0000, 2683.0000, 0.0000,  2354.0000, 2743.0000, 0.0000,  0, 255, 0
L 2384.0000, 2713.0000, 0.0000,  2404.0000, 2713.0000, 0.0000,  0, 255, 0
L 2394.0000, 2683.0000, 0.0000,  2414.0000, 2743.0000, 0.0000,  0, 255, 0
L 2374.0000, 2743.0000, 0.0000,  2394.0000, 2683.0000, 0.0000,  0, 255, 0
L 2434.0000, 2683.0000, 0.0000,  2434.0000, 2743.0000, 0.0000,  0, 255, 0
L 2474.0000, 2743.0000, 0.0000,  2434.0000, 2743.0000, 0.0000,  0, 255, 0
L 2584.0000, 2743.0000, 0.0000,  2554.0000, 2743.0000, 0.0000,  0, 255, 0
L 2554.0000, 2683.0000, 0.0000,  2584.0000, 2683.0000, 0.0000,  0, 255, 0
L 2554.0000, 2743.0000, 0.0000,  2554.0000, 2683.0000, 0.0000,  0, 255, 0
L 2644.0000, 2683.0000, 0.0000,  2644.0000, 2743.0000, 0.0000,  0, 255, 0
L 2604.0000, 2683.0000, 0.0000,  2604.0000, 2743.0000, 0.0000,  0, 255, 0
L 2604.0000, 2743.0000, 0.0000,  2644.0000, 2743.0000, 0.0000,  0, 255, 0
L 2664.0000, 2683.0000, 0.0000,  2664.0000, 2713.0000, 0.0000,  0, 255, 0
L 2664.0000, 2713.0000, 0.0000,  2664.0000, 2743.0000, 0.0000,  0, 255, 0
L 2664.0000, 2713.0000, 0.0000,  2684.0000, 2713.0000, 0.0000,  0, 255, 0
L 2704.0000, 2713.0000, 0.0000,  2704.0000, 2683.0000, 0.0000,  0, 255, 0
L 2664.0000, 2683.0000, 0.0000,  2704.0000, 2683.0000, 0.0000,  0, 255, 0
L 2684.0000, 2713.0000, 0.0000,  2704.0000, 2713.0000, 0.0000,  0, 255, 0
L 2704.0000, 2743.0000, 0.0000,  2684.0000, 2713.0000, 0.0000,  0, 255, 0
L 2724.0000, 2683.0000, 0.0000,  2724.0000, 2713.0000, 0.0000,  0, 255, 0
L 2724.0000, 2713.0000, 0.0000,  2724.0000, 2743.0000, 0.0000,  0, 255, 0
L 2724.0000, 2713.0000, 0.0000,  2744.0000, 2713.0000, 0.0000,  0, 255, 0
L 2764.0000, 2713.0000, 0.0000,  2764.0000, 2683.0000, 0.0000,  0, 255, 0
L 2724.0000, 2683.0000, 0.0000,  2764.0000, 2683.0000, 0.0000,  0, 255, 0
L 2744.0000, 2713.0000, 0.0000,  2764.0000, 2713.0000, 0.0000,  0, 255, 0
L 2764.0000, 2743.0000, 0.0000,  2744.0000, 2713.0000, 0.0000,  0, 255, 0
L 2784.0000, 2713.0000, 0.0000,  2814.0000, 2713.0000, 0.0000,  0, 255, 0
L 2784.0000, 2743.0000, 0.0000,  2814.0000, 2743.0000, 0.0000,  0, 255, 0
L 2784.0000, 2683.0000, 0.0000,  2784.0000, 2743.0000, 0.0000,  0, 255, 0
L 2814.0000, 2683.0000, 0.0000,  2784.0000, 2683.0000, 0.0000,  0, 255, 0
L 2864.0000, 2743.0000, 0.0000,  2864.0000, 2683.0000, 0.0000,  0, 255, 0
L 2834.0000, 2683.0000, 0.0000,  2864.0000, 2743.0000, 0.0000,  0, 255, 0
L 2834.0000, 2743.0000, 0.0000,  2834.0000, 2683.0000, 0.0000,  0, 255, 0
L 2914.0000, 2743.0000, 0.0000,  2884.0000, 2743.0000, 0.0000,  0, 255, 0
L 2884.0000, 2683.0000, 0.0000,  2914.0000, 2683.0000, 0.0000,  0, 255, 0
L 2884.0000, 2743.0000, 0.0000,  2884.0000, 2683.0000, 0.0000,  0, 255, 0
L 2954.0000, 2713.0000, 0.0000,  2954.0000, 2743.0000, 0.0000,  0, 255, 0
L 2954.0000, 2713.0000, 0.0000,  2974.0000, 2683.0000, 0.0000,  0, 255, 0
L 2934.0000, 2683.0000, 0.0000,  2954.0000, 2713.0000, 0.0000,  0, 255, 0
L 2144.0000, 2773.0000, 0.0000,  2144.0000, 2803.0000, 0.0000,  255, 0, 0
L 2144.0000, 2833.0000, 0.0000,  2184.0000, 2833.0000, 0.0000,  255, 0, 0
L 2184.0000, 2803.0000, 0.0000,  2144.0000, 2803.0000, 0.0000,  255, 0, 0
L 2144.0000, 2773.0000, 0.0000,  2184.0000, 2773.0000, 0.0000,  255, 0, 0
L 2184.0000, 2803.0000, 0.0000,  2184.0000, 2833.0000, 0.0000,  255, 0, 0
L 2244.0000, 2773.0000, 0.0000,  2244.0000, 2833.0000, 0.0000,  255, 0, 0
L 2204.0000, 2773.0000, 0.0000,  2204.0000, 2833.0000, 0.0000,  255, 0, 0
L 2204.0000, 2833.0000, 0.0000,  2244.0000, 2833.0000, 0.0000,  255, 0, 0
L 2294.0000, 2833.0000, 0.0000,  2264.0000, 2833.0000, 0.0000,  255, 0, 0
L 2264.0000, 2773.0000, 0.0000,  2294.0000, 2773.0000, 0.0000,  255, 0, 0
L 2264.0000, 2833.0000, 0.0000,  2264.0000, 2773.0000, 0.0000,  255, 0, 0
L 2344.0000, 2833.0000, 0.0000,  2314.0000, 2833.0000, 0.0000,  255, 0, 0
L 2314.0000, 2773.0000, 0.0000,  2344.0000, 2773.0000, 0.0000,  255, 0, 0
L 2314.0000, 2833.0000, 0.0000,  2314.0000, 2773.0000, 0.0000,  255, 0, 0
L 2364.0000, 2773.0000, 0.0000,  2394.0000, 2773.0000, 0.0000,  255, 0, 0
L 2364.0000, 2833.0000, 0.0000,  2394.0000, 2833.0000, 0.0000,  255, 0, 0
L 2364.0000, 2773.0000, 0.0000,  2364.0000, 2833.0000, 0.0000,  255, 0, 0
L 2394.0000, 2773.0000, 0.0000,  2394.0000, 2833.0000, 0.0000,  255, 0, 0
L 2414.0000, 2773.0000, 0.0000,  2414.0000, 2803.0000, 0.0000,  255, 0, 0
L 2414.0000, 2803.0000, 0.0000,  2414.0000, 2833.0000, 0.0000,  255, 0, 0
L 2414.0000, 2803.0000, 0.0000,  2434.0000, 2803.0000, 0.0000,  255, 0, 0
L 2454.0000, 2803.0000, 0.0000,  2454.0000, 2773.0000, 0.0000,  255, 0, 0
L 2414.0000, 2773.0000, 0.0000,  2454.0000, 2773.0000, 0.0000,  255, 0, 0
L 2434.0000, 2803.0000, 0.0000,  2454.0000, 2803.0000, 0.0000,  255, 0, 0
L 2454.0000, 2833.0000, 0.0000,  2434.0000, 2803.0000, 0.0000,  255, 0, 0
L 2164.0000, 2863.0000, 0.0000,  2164.0000, 2923.0000, 0.0000,  255, 255, 0
L 2144.0000, 2863.0000, 0.0000,  2184.0000, 2863.0000, 0.0000,  255, 255, 0
L 2204.0000, 2893.0000, 0.0000,  2234.0000, 2893.0000, 0.0000,  255, 255, 0
L 2204.0000, 2923.0000, 0.0000,  2234.0000, 2923.0000, 0.0000,  255, 255, 0
L 2204.0000, 2863.0000, 0.0000,  2204.0000, 2923.0000, 0.0000,  255, 255, 0
L 2234.0000, 2863.0000, 0.0000,  2204.0000, 2863.0000, 0.0000,  255, 255, 0
L 2254.0000, 2863.0000, 0.0000,  2254.0000, 2923.0000, 0.0000,  255, 255, 0
L 2294.0000, 2923.0000, 0.0000,  2254.0000, 2923.0000, 0.0000,  255, 255, 0
L 2314.0000, 2893.0000, 0.0000,  2344.0000, 2893.0000, 0.0000,  255, 255, 0
L 2314.0000, 2923.0000, 0.0000,  2344.0000, 2923.0000, 0.0000,  255, 255, 0
L 2314.0000, 2863.0000, 0.0000,  2314.0000, 2923.0000, 0.0000,  255, 255, 0
L 2344.0000, 2863.0000, 0.0000,  2314.0000, 2863.0000, 0.0000,  255, 255, 0
L 2394.0000, 2893.0000, 0.0000,  2364.0000, 2893.0000, 0.0000,  255, 255, 0
L 2394.0000, 2863.0000, 0.0000,  2394.0000, 2893.0000, 0.0000,  255, 255, 0
L 2364.0000, 2863.0000, 0.0000,  2394.0000, 2863.0000, 0.0000,  255, 255, 0
L 2364.0000, 2923.0000, 0.0000,  2364.0000, 2863.0000, 0.0000,  255, 255, 0
L 2414.0000, 2863.0000, 0.0000,  2444.0000, 2863.0000, 0.0000,  255, 255, 0
L 2414.0000, 2923.0000, 0.0000,  2444.0000, 2923.0000, 0.0000,  255, 255, 0
L 2414.0000, 2863.0000, 0.0000,  2414.0000, 2923.0000, 0.0000,  255, 255, 0
L 2444.0000, 2863.0000, 0.0000,  2444.0000, 2923.0000, 0.0000,  255, 255, 0
L 2464.0000, 2863.0000, 0.0000,  2464.0000, 2893.0000, 0.0000,  255, 255, 0
L 2464.0000, 2893.0000, 0.0000,  2464.0000, 2923.0000, 0.0000,  255, 255, 0
L 2464.0000, 2893.0000, 0.0000,  2484.0000, 2893.0000, 0.0000,  255, 255, 0
L 2504.0000, 2893.0000, 0.0000,  2504.0000, 2863.0000, 0.0000,  255, 255, 0
L 2464.0000, 2863.0000, 0.0000,  2504.0000, 2863.0000, 0.0000,  255, 255, 0
L 2484.0000, 2893.0000, 0.0000,  2504.0000, 2893.0000, 0.0000,  255, 255, 0
L 2504.0000, 2923.0000, 0.0000,  2484.0000, 2893.0000, 0.0000,  255, 255, 0
L 2544.0000, 2863.0000, 0.0000,  2544.0000, 2923.0000, 0.0000,  255, 255, 0
L 2524.0000, 2863.0000, 0.0000,  2564.0000, 2863.0000, 0.0000,  255, 255, 0
L 2164.0000, 2953.0000, 0.0000,  2164.0000, 3013.0000, 0.0000,  128, 0, 128
L 2144.0000, 2953.0000, 0.0000,  2184.0000, 2953.0000, 0.0000,  128, 0, 128
L 2204.0000, 2953.0000, 0.0000,  2204.0000, 2983.0000, 0.0000,  128, 0, 128
L 2204.0000, 2983.0000, 0.0000,  2204.0000, 3013.0000, 0.0000,  128, 0, 128
L 2204.0000, 2983.0000, 0.0000,  2224.0000, 2983.0000, 0.0000,  128, 0, 128
L 2244.0000, 2983.0000, 0.0000,  2244.0000, 2953.0000, 0.0000,  128, 0, 128
L 2204.0000, 2953.0000, 0.0000,  2244.0000, 2953.0000, 0.0000,  128, 0, 128
L 2224.0000, 2983.0000, 0.0000,  2244.0000, 2983.0000, 0.0000,  128, 0, 128
L 2244.0000, 3013.0000, 0.0000,  2224.0000, 2983.0000, 0.0000,  128, 0, 128
L 2274.0000, 2983.0000, 0.0000,  2294.0000, 2983.0000, 0.0000,  128, 0, 128
L 2284.0000, 2953.0000, 0.0000,  2304.0000, 3013.0000, 0.0000,  128, 0, 128
L 2264.0000, 3013.0000, 0.0000,  2284.0000, 2953.0000, 0.0000,  128, 0, 128
L 2334.0000, 3013.0000, 0.0000,  2334.0000, 2953.0000, 0.0000,  128, 0, 128
L 2344.0000, 3013.0000, 0.0000,  2324.0000, 3013.0000, 0.0000,  128, 0, 128
L 2354.0000, 2983.0000, 0.0000,  2344.0000, 3013.0000, 0.0000,  128, 0, 128
L 2344.0000, 2953.0000, 0.0000,  2354.0000, 2983.0000, 0.0000,  128, 0, 128
L 2324.0000, 2953.0000, 0.0000,  2344.0000, 2953.0000, 0.0000,  128, 0, 128
L 2374.0000, 2983.0000, 0.0000,  2404.0000, 2983.0000, 0.0000,  128, 0, 128
L 2374.0000, 3013.0000, 0.0000,  2404.0000, 3013.0000, 0.0000,  128, 0, 128
L 2374.0000, 2953.0000, 0.0000,  2374.0000, 3013.0000, 0.0000,  128, 0, 128
L 2404.0000, 2953.0000, 0.0000,  2374.0000, 2953.0000, 0.0000,  128, 0, 128
L 2424.0000, 2953.0000, 0.0000,  2424.0000, 2983.0000, 0.0000,  128, 0, 128
L 2424.0000, 3013.0000, 0.0000,  2464.0000, 3013.0000, 0.0000,  128, 0, 128
L 2464.0000, 2983.0000, 0.0000,  2424.0000, 2983.0000, 0.0000,  128, 0, 128
L 2424.0000, 2953.0000, 0.0000,  2464.0000, 2953.0000, 0.0000,  128, 0, 128
L 2464.0000, 2983.0000, 0.0000,  2464.0000, 3013.0000, 0.0000,  128, 0, 128
L 2484.0000, 2953.0000, 0.0000,  2484.0000, 2983.0000, 0.0000,  128, 0, 128
L 2484.0000, 2983.0000, 0.0000,  2484.0000, 3013.0000, 0.0000,  128, 0, 128
L 2484.0000, 2983.0000, 0.0000,  2524.0000, 3013.0000, 0.0000,  128, 0, 128
L 2484.0000, 2983.0000, 0.0000,  2524.0000, 2953.0000, 0.0000,  128, 0, 128
L 2544.0000, 2953.0000, 0.0000,  2544.0000, 3013.0000, 0.0000,  128, 0, 128
L 2564.0000, 2953.0000, 0.0000,  2564.0000, 3013.0000, 0.0000,  128, 0, 128
L 2604.0000, 3013.0000, 0.0000,  2564.0000, 3013.0000, 0.0000,  128, 0, 128
L 2624.0000, 2953.0000, 0.0000,  2624.0000, 3013.0000, 0.0000,  128, 0, 128
L 2664.0000, 3013.0000, 0.0000,  2624.0000, 3013.0000, 0.0000,  128, 0, 128
L 2774.0000, 3013.0000, 0.0000,  2744.0000, 3013.0000, 0.0000,  128, 0, 128
L 2744.0000, 2953.0000, 0.0000,  2774.0000, 2953.0000, 0.0000,  128, 0, 128
L 2744.0000, 3013.0000, 0.0000,  2744.0000, 2953.0000, 0.0000,  128, 0, 128
L 2794.0000, 2953.0000, 0.0000,  2824.0000, 2953.0000, 0.0000,  128, 0, 128
L 2794.0000, 3013.0000, 0.0000,  2824.0000, 3013.0000, 0.0000,  128, 0, 128
L 2794.0000, 2953.0000, 0.0000,  2794.0000, 3013.0000, 0.0000,  128, 0, 128
L 2824.0000, 2953.0000, 0.0000,  2824.0000, 3013.0000, 0.0000,  128, 0, 128
L 2874.0000, 3013.0000, 0.0000,  2874.0000, 2953.0000, 0.0000,  128, 0, 128
L 2844.0000, 2953.0000, 0.0000,  2874.0000, 3013.0000, 0.0000,  128, 0, 128
L 2844.0000, 3013.0000, 0.0000,  2844.0000, 2953.0000, 0.0000,  128, 0, 128
L 2914.0000, 2953.0000, 0.0000,  2914.0000, 3013.0000, 0.0000,  128, 0, 128
L 2894.0000, 2953.0000, 0.0000,  2934.0000, 2953.0000, 0.0000,  128, 0, 128
L 2964.0000, 2983.0000, 0.0000,  2984.0000, 2983.0000, 0.0000,  128, 0, 128
L 2974.0000, 2953.0000, 0.0000,  2994.0000, 3013.0000, 0.0000,  128, 0, 128
L 2954.0000, 3013.0000, 0.0000,  2974.0000, 2953.0000, 0.0000,  128, 0, 128
L 3014.0000, 2953.0000, 0.0000,  3014.0000, 3013.0000, 0.0000,  128, 0, 128
L 3064.0000, 3013.0000, 0.0000,  3064.0000, 2953.0000, 0.0000,  128, 0, 128
L 3034.0000, 2953.0000, 0.0000,  3064.0000, 3013.0000, 0.0000,  128, 0, 128
L 3034.0000, 3013.0000, 0.0000,  3034.0000, 2953.0000, 0.0000,  128, 0, 128
L 3084.0000, 2983.0000, 0.0000,  3114.0000, 2983.0000, 0.0000,  128, 0, 128
L 3084.0000, 3013.0000, 0.0000,  3114.0000, 3013.0000, 0.0000,  128, 0, 128
L 3084.0000, 2953.0000, 0.0000,  3084.0000, 3013.0000, 0.0000,  128, 0, 128
L 3114.0000, 2953.0000, 0.0000,  3084.0000, 2953.0000, 0.0000,  128, 0, 128
L 3134.0000, 2953.0000, 0.0000,  3134.0000, 2983.0000, 0.0000,  128, 0, 128
L 3134.0000, 2983.0000, 0.0000,  3134.0000, 3013.0000, 0.0000,  128, 0, 128
L 3134.0000, 2983.0000, 0.0000,  3154.0000, 2983.0000, 0.0000,  128, 0, 128
L 3174.0000, 2983.0000, 0.0000,  3174.0000, 2953.0000, 0.0000,  128, 0, 128
L 3134.0000, 2953.0000, 0.0000,  3174.0000, 2953.0000, 0.0000,  128, 0, 128
L 3154.0000, 2983.0000, 0.0000,  3174.0000, 2983.0000, 0.0000,  128, 0, 128
L 3174.0000, 3013.0000, 0.0000,  3154.0000, 2983.0000, 0.0000,  128, 0, 128
L 2164.0000, 3043.0000, 0.0000,  2164.0000, 3103.0000, 0.0000,  255, 255, 0
L 2144.0000, 3043.0000, 0.0000,  2184.0000, 3043.0000, 0.0000,  255, 255, 0
L 2204.0000, 3043.0000, 0.0000,  2204.0000, 3073.0000, 0.0000,  255, 255, 0
L 2204.0000, 3073.0000, 0.0000,  2204.0000, 3103.0000, 0.0000,  255, 255, 0
L 2204.0000, 3073.0000, 0.0000,  2224.0000, 3073.0000, 0.0000,  255, 255, 0
L 2244.0000, 3073.0000, 0.0000,  2244.0000, 3043.0000, 0.0000,  255, 255, 0
L 2204.0000, 3043.0000, 0.0000,  2244.0000, 3043.0000, 0.0000,  255, 255, 0
L 2224.0000, 3073.0000, 0.0000,  2244.0000, 3073.0000, 0.0000,  255, 255, 0
L 2244.0000, 3103.0000, 0.0000,  2224.0000, 3073.0000, 0.0000,  255, 255, 0
L 2274.0000, 3073.0000, 0.0000,  2294.0000, 3073.0000, 0.0000,  255, 255, 0
L 2284.0000, 3043.0000, 0.0000,  2304.0000, 3103.0000, 0.0000,  255, 255, 0
L 2264.0000, 3103.0000, 0.0000,  2284.0000, 3043.0000, 0.0000,  255, 255, 0
L 2354.0000, 3073.0000, 0.0000,  2324.0000, 3073.0000, 0.0000,  255, 255, 0
L 2354.0000, 3043.0000, 0.0000,  2354.0000, 3073.0000, 0.0000,  255, 255, 0
L 2324.0000, 3043.0000, 0.0000,  2354.0000, 3043.0000, 0.0000,  255, 255, 0
L 2324.0000, 3103.0000, 0.0000,  2324.0000, 3043.0000, 0.0000,  255, 255, 0
L 2174.0000, 3133.0000, 0.0000,  2144.0000, 3133.0000, 0.0000,  255, 0, 0
L 2144.0000, 3193.0000, 0.0000,  2174.0000, 3133.0000, 0.0000,  255, 0, 0
L 2144.0000, 3193.0000, 0.0000,  2174.0000, 3193.0000, 0.0000,  255, 0, 0
L 2194.0000, 3133.0000, 0.0000,  2224.0000, 3133.0000, 0.0000,  255, 0, 0
L 2194.0000, 3193.0000, 0.0000,  2224.0000, 3193.0000, 0.0000,  255, 0, 0
L 2194.0000, 3133.0000, 0.0000,  2194.0000, 3193.0000, 0.0000,  255, 0, 0
L 2224.0000, 3133.0000, 0.0000,  2224.0000, 3193.0000, 0.0000,  255, 0, 0
L 2274.0000, 3193.0000, 0.0000,  2274.0000, 3133.0000, 0.0000,  255, 0, 0
L 2244.0000, 3133.0000, 0.0000,  2274.0000, 3193.0000, 0.0000,  255, 0, 0
L 2244.0000, 3193.0000, 0.0000,  2244.0000, 3133.0000, 0.0000,  255, 0, 0
L 2294.0000, 3163.0000, 0.0000,  2324.0000, 3163.0000, 0.0000,  255, 0, 0
L 2294.0000, 3193.0000, 0.0000,  2324.0000, 3193.0000, 0.0000,  255, 0, 0
L 2294.0000, 3133.0000, 0.0000,  2294.0000, 3193.0000, 0.0000,  255, 0, 0
L 2324.0000, 3133.0000, 0.0000,  2294.0000, 3133.0000, 0.0000,  255, 0, 0
P 1144.0000, 1483.0000, 0.0000,  0, 0, 0,  2,  Original_Map:_Brewall_Rainsinger
P 1144.0000, 1683.0000, 0.0000,  0, 0, 0,  2,  http://www.eqmaps.info
P 1144.0000, 1883.0000, 0.0000,  0, 0, 0,  2,  Return_of_the_Exiled_(www.roteguild.org)
P 1144.0000, 2083.0000, 0.0000,  0, 0, 0,  2,  A._Guests,_Gusts,_Gifts_mob_drop
P 1144.0000, 2283.0000, 0.0000,  240, 240, 0,  2,  B._Natural_Wonder_ground_spawn
P 1144.0000, 2483.0000, 0.0000,  240, 240, 0,  2,  C._Palace_Aides_ground_spawn
P 1144.0000, 2683.0000, 0.0000,  0, 0, 0,  2,  D._Elementary_Accommodation_mob_drop
P 1144.0000, 2883.0000, 0.0000,  127, 64, 0,  2,  Blessed_Wind_PH=a_djinn_teacher
P 1144.0000, 3083.0000, 0.0000,  127, 64, 0,  2,  Copper_Star_PH=a_jopal_warder
P 1144.0000, 3283.0000, 0.0000,  127, 64, 0,  2,  Depth_of_Iron_PH=a_vekerchiki_warder
P 1144.0000, 3483.0000, 0.0000,  127, 64, 0,  2,  Iron_Lance_PH=a_pyratic_armor
P 1144.0000, 3683.0000, 0.0000,  127, 64, 0,  2,  Jericog_Merkin_PH=a_norrathian_mage
P 1144.0000, 3883.0000, 0.0000,  127, 64, 0,  2,  Leaping_Eyes_PH=an_efreeti_noble
P 1144.0000, 4083.0000, 0.0000,  127, 64, 0,  2,  Rusted_Stalactite_PH=a_cliff_armor
P 1144.0000, 4283.0000, 0.0000,  127, 64, 0,  2,  Sapphire_Hammer_PH=a_breeze_armor
P 1144.0000, 4483.0000, 0.0000,  127, 64, 0,  2,  Seeping_Gladness_PH=a_crest_armor
P 1144.0000, 4683.0000, 0.0000,  127, 64, 0,  2,  Sky_Blade_PH=a_gusting_mephit
P 1144.0000, 4883.0000, 0.0000,  127, 64, 0,  2,  Veiled_Sage_PH=a_djinn_teacher
P 1144.0000, 5083.0000, 0.0000,  127, 64, 0,  2,  Warrior's_Cleft_PH=a_triloun_warder
